Cell HMS LINCS ID,Cell Name,Small Molecule HMS LINCS ID,Small Molecule Name,Small Mol Concentration,Small Mol Conc Unit,LJP Library Plate,Timepoint,Timepoint Unit,Mean Total Cell Count Before Treatment,Mean Total Cell Count After Treatment,Mean Total Control Cell Count,Mean Relative Cell Count,Mean Normalized Growth Rate Inhibition Value
50029-3,MCF7,10001-101-1,Seliciclib,0.04,uM,LJP5,72,hr,1209,4445,4203,1.0582,1.0640
50029-3,MCF7,10001-101-1,Seliciclib,0.12,uM,LJP5,72,hr,1209,4189,4203,0.9983,0.9990
50029-3,MCF7,10001-101-1,Seliciclib,0.37,uM,LJP5,72,hr,1209,3931,4203,0.9357,0.9273
50029-3,MCF7,10001-101-1,Seliciclib,1.11,uM,LJP5,72,hr,1209,3350,4203,0.7974,0.7628
50029-3,MCF7,10001-101-1,Seliciclib,3.33,uM,LJP5,72,hr,1209,3016,4203,0.7184,0.6637
50029-3,MCF7,10001-101-1,Seliciclib,10,uM,LJP5,72,hr,1209,1223,4203,0.2908,0.0047
50029-3,MCF7,10004-101-1,AT-7519,0.04,uM,LJP6,72,hr,1209,1716,4012,0.4263,0.2189
50029-3,MCF7,10004-101-1,AT-7519,0.12,uM,LJP6,72,hr,1209,653,4012,0.1621,-0.3030
50029-3,MCF7,10004-101-1,AT-7519,0.37,uM,LJP6,72,hr,1209,604,4012,0.1507,-0.3309
50029-3,MCF7,10004-101-1,AT-7519,1.11,uM,LJP6,72,hr,1209,591,4012,0.1472,-0.3407
50029-3,MCF7,10004-101-1,AT-7519,3.33,uM,LJP6,72,hr,1209,502,4012,0.1251,-0.3993
50029-3,MCF7,10004-101-1,AT-7519,10,uM,LJP6,72,hr,1209,443,4012,0.1106,-0.4408
50029-3,MCF7,10006-101-1,AZD7762,0.04,uM,LJP6,72,hr,1209,1961,4012,0.4890,0.3221
50029-3,MCF7,10006-101-1,AZD7762,0.12,uM,LJP6,72,hr,1209,1692,4012,0.4224,0.2147
50029-3,MCF7,10006-101-1,AZD7762,0.37,uM,LJP6,72,hr,1209,1453,4012,0.3622,0.1113
50029-3,MCF7,10006-101-1,AZD7762,1.11,uM,LJP6,72,hr,1209,1184,4012,0.2951,-0.0132
50029-3,MCF7,10006-101-1,AZD7762,3.33,uM,LJP6,72,hr,1209,993,4012,0.2477,-0.1080
50029-3,MCF7,10006-101-1,AZD7762,10,uM,LJP6,72,hr,1209,617,4012,0.1545,-0.3225
50029-3,MCF7,10007-101-1,AZD8055,0.04,uM,LJP6,72,hr,1209,1199,4012,0.2986,-0.0063
50029-3,MCF7,10007-101-1,AZD8055,0.12,uM,LJP6,72,hr,1209,1108,4012,0.2765,-0.0494
50029-3,MCF7,10007-101-1,AZD8055,0.37,uM,LJP6,72,hr,1209,1030,4012,0.2570,-0.0888
50029-3,MCF7,10007-101-1,AZD8055,1.11,uM,LJP6,72,hr,1209,1024,4012,0.2558,-0.0924
50029-3,MCF7,10007-101-1,AZD8055,3.33,uM,LJP6,72,hr,1209,985,4012,0.2457,-0.1122
50029-3,MCF7,10007-101-1,AZD8055,10,uM,LJP6,72,hr,1209,388,4012,0.0968,-0.4820
50029-3,MCF7,10008-101-1,Sorafenib,0.04,uM,LJP6,72,hr,1209,3745,4012,0.9334,0.9219
50029-3,MCF7,10008-101-1,Sorafenib,0.12,uM,LJP6,72,hr,1209,3886,4012,0.9700,0.9661
50029-3,MCF7,10008-101-1,Sorafenib,0.37,uM,LJP6,72,hr,1209,3825,4012,0.9544,0.9474
50029-3,MCF7,10008-101-1,Sorafenib,1.11,uM,LJP6,72,hr,1209,3953,4012,0.9866,0.9852
50029-3,MCF7,10008-101-1,Sorafenib,3.33,uM,LJP6,72,hr,1209,3843,4012,0.9590,0.9528
50029-3,MCF7,10008-101-1,Sorafenib,10,uM,LJP6,72,hr,1209,2138,4012,0.5330,0.3897
50029-3,MCF7,10009-101-1,CP466722,0.04,uM,LJP5,72,hr,1209,4412,4203,1.0522,1.0586
50029-3,MCF7,10009-101-1,CP466722,0.12,uM,LJP5,72,hr,1209,4175,4203,0.9932,0.9920
50029-3,MCF7,10009-101-1,CP466722,0.37,uM,LJP5,72,hr,1209,4156,4203,0.9898,0.9893
50029-3,MCF7,10009-101-1,CP466722,1.11,uM,LJP5,72,hr,1209,3824,4203,0.9113,0.8991
50029-3,MCF7,10009-101-1,CP466722,3.33,uM,LJP5,72,hr,1209,3332,4203,0.7963,0.7620
50029-3,MCF7,10009-101-1,CP466722,10,uM,LJP5,72,hr,1209,1742,4203,0.4146,0.2244
50029-3,MCF7,10010-101-1,CP724714,0.04,uM,LJP5,72,hr,1209,3813,4203,0.9088,0.8972
50029-3,MCF7,10010-101-1,CP724714,0.12,uM,LJP5,72,hr,1209,3746,4203,0.8906,0.8736
50029-3,MCF7,10010-101-1,CP724714,0.37,uM,LJP5,72,hr,1209,3529,4203,0.8399,0.8145
50029-3,MCF7,10010-101-1,CP724714,1.11,uM,LJP5,72,hr,1209,3699,4203,0.8820,0.8656
50029-3,MCF7,10010-101-1,CP724714,3.33,uM,LJP5,72,hr,1209,3762,4203,0.8966,0.8829
50029-3,MCF7,10010-101-1,CP724714,10,uM,LJP5,72,hr,1209,2778,4203,0.6601,0.5857
50029-3,MCF7,10011-101-1,Alvocidib,0.04,uM,LJP6,72,hr,1209,673,4012,0.1682,-0.2872
50029-3,MCF7,10011-101-1,Alvocidib,0.12,uM,LJP6,72,hr,1209,624,4012,0.1556,-0.3184
50029-3,MCF7,10011-101-1,Alvocidib,0.37,uM,LJP6,72,hr,1209,643,4012,0.1602,-0.3067
50029-3,MCF7,10011-101-1,Alvocidib,1.11,uM,LJP6,72,hr,1209,652,4012,0.1628,-0.3006
50029-3,MCF7,10011-101-1,Alvocidib,3.33,uM,LJP6,72,hr,1209,694,4012,0.1731,-0.2752
50029-3,MCF7,10011-101-1,Alvocidib,10,uM,LJP6,72,hr,1209,679,4012,0.1700,-0.2838
50029-3,MCF7,10014-101-1,GW843682X,0.04,uM,LJP6,72,hr,1209,2523,4012,0.6295,0.5304
50029-3,MCF7,10014-101-1,GW843682X,0.12,uM,LJP6,72,hr,1209,1614,4012,0.4023,0.1810
50029-3,MCF7,10014-101-1,GW843682X,0.37,uM,LJP6,72,hr,1209,1487,4012,0.3704,0.1255
50029-3,MCF7,10014-101-1,GW843682X,1.11,uM,LJP6,72,hr,1209,1367,4012,0.3408,0.0727
50029-3,MCF7,10014-101-1,GW843682X,3.33,uM,LJP6,72,hr,1209,1310,4012,0.3271,0.0475
50029-3,MCF7,10014-101-1,GW843682X,10,uM,LJP6,72,hr,1209,1812,4012,0.4542,0.2646
50029-3,MCF7,10015-101-1,HG-5-113-01,0.04,uM,LJP5,72,hr,1209,3957,4203,0.9412,0.9334
50029-3,MCF7,10015-101-1,HG-5-113-01,0.12,uM,LJP5,72,hr,1209,3723,4203,0.8869,0.8705
50029-3,MCF7,10015-101-1,HG-5-113-01,0.37,uM,LJP5,72,hr,1209,2153,4203,0.5125,0.3779
50029-3,MCF7,10015-101-1,HG-5-113-01,1.11,uM,LJP5,72,hr,1209,1448,4203,0.3457,0.1064
50029-3,MCF7,10015-101-1,HG-5-113-01,3.33,uM,LJP5,72,hr,1209,1316,4203,0.3136,0.0480
50029-3,MCF7,10015-101-1,HG-5-113-01,10,uM,LJP5,72,hr,1209,569,4203,0.1358,-0.3430
50029-3,MCF7,10016-101-1,HG-5-88-01,0.04,uM,LJP6,72,hr,1209,3074,4012,0.7659,0.7136
50029-3,MCF7,10016-101-1,HG-5-88-01,0.12,uM,LJP6,72,hr,1209,2824,4012,0.7038,0.6321
50029-3,MCF7,10016-101-1,HG-5-88-01,0.37,uM,LJP6,72,hr,1209,2441,4012,0.6082,0.4996
50029-3,MCF7,10016-101-1,HG-5-88-01,1.11,uM,LJP6,72,hr,1209,2215,4012,0.5515,0.4167
50029-3,MCF7,10016-101-1,HG-5-88-01,3.33,uM,LJP6,72,hr,1209,1982,4012,0.4938,0.3291
50029-3,MCF7,10016-101-1,HG-5-88-01,10,uM,LJP6,72,hr,1209,958,4012,0.2393,-0.1258
50029-3,MCF7,10017-101-1,HG-6-64-01,0.04,uM,LJP6,72,hr,1209,4320,4012,1.0763,1.0866
50029-3,MCF7,10017-101-1,HG-6-64-01,0.12,uM,LJP6,72,hr,1209,3908,4012,0.9731,0.9676
50029-3,MCF7,10017-101-1,HG-6-64-01,0.37,uM,LJP6,72,hr,1209,4185,4012,1.0435,1.0500
50029-3,MCF7,10017-101-1,HG-6-64-01,1.11,uM,LJP6,72,hr,1209,4174,4012,1.0404,1.0464
50029-3,MCF7,10017-101-1,HG-6-64-01,3.33,uM,LJP6,72,hr,1209,3307,4012,0.8205,0.7759
50029-3,MCF7,10017-101-1,HG-6-64-01,10,uM,LJP6,72,hr,1209,170,4012,0.0422,-0.6806
50029-3,MCF7,10018-101-1,Neratinib,0.04,uM,LJP5,72,hr,1209,3690,4203,0.8761,0.8552
50029-3,MCF7,10018-101-1,Neratinib,0.12,uM,LJP5,72,hr,1209,3310,4203,0.7868,0.7488
50029-3,MCF7,10018-101-1,Neratinib,0.37,uM,LJP5,72,hr,1209,2753,4203,0.6563,0.5821
50029-3,MCF7,10018-101-1,Neratinib,1.11,uM,LJP5,72,hr,1209,1594,4203,0.3800,0.1664
50029-3,MCF7,10018-101-1,Neratinib,3.33,uM,LJP5,72,hr,1209,1390,4203,0.3315,0.0809
50029-3,MCF7,10018-101-1,Neratinib,10,uM,LJP5,72,hr,1209,1377,4203,0.3283,0.0751
50029-3,MCF7,10019-101-1,JW-7-24-1,0.04,uM,LJP6,72,hr,1209,2904,4012,0.7236,0.6583
50029-3,MCF7,10019-101-1,JW-7-24-1,0.12,uM,LJP6,72,hr,1209,2618,4012,0.6523,0.5618
50029-3,MCF7,10019-101-1,JW-7-24-1,0.37,uM,LJP6,72,hr,1209,2084,4012,0.5201,0.3704
50029-3,MCF7,10019-101-1,JW-7-24-1,1.11,uM,LJP6,72,hr,1209,1633,4012,0.4082,0.1901
50029-3,MCF7,10019-101-1,JW-7-24-1,3.33,uM,LJP6,72,hr,1209,1326,4012,0.3306,0.0542
50029-3,MCF7,10019-101-1,JW-7-24-1,10,uM,LJP6,72,hr,1209,937,4012,0.2339,-0.1376
50029-3,MCF7,10020-101-1,Dasatinib,0.04,uM,LJP5,72,hr,1209,3206,4203,0.7621,0.7182
50029-3,MCF7,10020-101-1,Dasatinib,0.04,uM,LJP6,72,hr,1209,1642,4012,0.4094,0.1929
50029-3,MCF7,10020-101-1,Dasatinib,0.12,uM,LJP5,72,hr,1209,2258,4203,0.5386,0.4170
50029-3,MCF7,10020-101-1,Dasatinib,0.12,uM,LJP6,72,hr,1209,1521,4012,0.3786,0.1395
50029-3,MCF7,10020-101-1,Dasatinib,0.37,uM,LJP5,72,hr,1209,1636,4203,0.3904,0.1839
50029-3,MCF7,10020-101-1,Dasatinib,0.37,uM,LJP6,72,hr,1209,1671,4012,0.4174,0.2064
50029-3,MCF7,10020-101-1,Dasatinib,1.11,uM,LJP5,72,hr,1209,1495,4203,0.3557,0.1241
50029-3,MCF7,10020-101-1,Dasatinib,1.11,uM,LJP6,72,hr,1209,1591,4012,0.3971,0.1721
50029-3,MCF7,10020-101-1,Dasatinib,3.33,uM,LJP5,72,hr,1209,1616,4203,0.3852,0.1753
50029-3,MCF7,10020-101-1,Dasatinib,3.33,uM,LJP6,72,hr,1209,1545,4012,0.3848,0.1507
50029-3,MCF7,10020-101-1,Dasatinib,10,uM,LJP5,72,hr,1209,1660,4203,0.3954,0.1920
50029-3,MCF7,10020-101-1,Dasatinib,10,uM,LJP6,72,hr,1209,1231,4012,0.3069,0.0089
50029-3,MCF7,10021-101-1,Tozasertib,0.04,uM,LJP5,72,hr,1209,1353,4203,0.3225,0.0646
50029-3,MCF7,10021-101-1,Tozasertib,0.12,uM,LJP5,72,hr,1209,1412,4203,0.3362,0.0895
50029-3,MCF7,10021-101-1,Tozasertib,0.37,uM,LJP5,72,hr,1209,1406,4203,0.3343,0.0857
50029-3,MCF7,10021-101-1,Tozasertib,1.11,uM,LJP5,72,hr,1209,1441,4203,0.3433,0.1021
50029-3,MCF7,10021-101-1,Tozasertib,3.33,uM,LJP5,72,hr,1209,1426,4203,0.3400,0.0963
50029-3,MCF7,10021-101-1,Tozasertib,10,uM,LJP5,72,hr,1209,1281,4203,0.3056,0.0327
50029-3,MCF7,10023-103-1,Imatinib,0.04,uM,LJP6,72,hr,1209,3887,4012,0.9694,0.9648
50029-3,MCF7,10023-103-1,Imatinib,0.12,uM,LJP6,72,hr,1209,3944,4012,0.9830,0.9802
50029-3,MCF7,10023-103-1,Imatinib,0.37,uM,LJP6,72,hr,1209,4055,4012,1.0095,1.0095
50029-3,MCF7,10023-103-1,Imatinib,1.11,uM,LJP6,72,hr,1209,3996,4012,0.9977,0.9984
50029-3,MCF7,10023-103-1,Imatinib,3.33,uM,LJP6,72,hr,1209,3840,4012,0.9565,0.9487
50029-3,MCF7,10023-103-1,Imatinib,10,uM,LJP6,72,hr,1209,3530,4012,0.8798,0.8571
50029-3,MCF7,10024-101-1,NVP-TAE684,0.04,uM,LJP6,72,hr,1209,1984,4012,0.4944,0.3304
50029-3,MCF7,10024-101-1,NVP-TAE684,0.12,uM,LJP6,72,hr,1209,1297,4012,0.3227,0.0386
50029-3,MCF7,10024-101-1,NVP-TAE684,0.37,uM,LJP6,72,hr,1209,964,4012,0.2401,-0.1248
50029-3,MCF7,10024-101-1,NVP-TAE684,1.11,uM,LJP6,72,hr,1209,878,4012,0.2191,-0.1695
50029-3,MCF7,10024-101-1,NVP-TAE684,3.33,uM,LJP6,72,hr,1209,945,4012,0.2362,-0.1332
50029-3,MCF7,10024-101-1,NVP-TAE684,10,uM,LJP6,72,hr,1209,508,4012,0.1267,-0.3945
50029-3,MCF7,10025-101-1,CGP60474,0.04,uM,LJP5,72,hr,1209,3388,4203,0.8081,0.7768
50029-3,MCF7,10025-101-1,CGP60474,0.04,uM,LJP6,72,hr,1209,681,4012,0.1703,-0.2823
50029-3,MCF7,10025-101-1,CGP60474,0.12,uM,LJP5,72,hr,1209,668,4203,0.1593,-0.2814
50029-3,MCF7,10025-101-1,CGP60474,0.12,uM,LJP6,72,hr,1209,712,4012,0.1776,-0.2642
50029-3,MCF7,10025-101-1,CGP60474,0.37,uM,LJP5,72,hr,1209,566,4203,0.1350,-0.3455
50029-3,MCF7,10025-101-1,CGP60474,0.37,uM,LJP6,72,hr,1209,782,4012,0.1951,-0.2230
50029-3,MCF7,10025-101-1,CGP60474,1.11,uM,LJP5,72,hr,1209,591,4203,0.1408,-0.3292
50029-3,MCF7,10025-101-1,CGP60474,1.11,uM,LJP6,72,hr,1209,672,4012,0.1679,-0.2884
50029-3,MCF7,10025-101-1,CGP60474,3.33,uM,LJP5,72,hr,1209,642,4203,0.1534,-0.2971
50029-3,MCF7,10025-101-1,CGP60474,3.33,uM,LJP6,72,hr,1209,707,4012,0.1766,-0.2676
50029-3,MCF7,10025-101-1,CGP60474,10,uM,LJP5,72,hr,1209,568,4203,0.1357,-0.3435
50029-3,MCF7,10025-101-1,CGP60474,10,uM,LJP6,72,hr,1209,474,4012,0.1186,-0.4179
50029-3,MCF7,10026-101-1,PD173074,0.04,uM,LJP6,72,hr,1209,4081,4012,1.0185,1.0223
50029-3,MCF7,10026-101-1,PD173074,0.12,uM,LJP6,72,hr,1209,4168,4012,1.0410,1.0482
50029-3,MCF7,10026-101-1,PD173074,0.37,uM,LJP6,72,hr,1209,3920,4012,0.9790,0.9756
50029-3,MCF7,10026-101-1,PD173074,1.11,uM,LJP6,72,hr,1209,4272,4012,1.0660,1.0763
50029-3,MCF7,10026-101-1,PD173074,3.33,uM,LJP6,72,hr,1209,3926,4012,0.9796,0.9771
50029-3,MCF7,10026-101-1,PD173074,10,uM,LJP6,72,hr,1209,2693,4012,0.6724,0.5897
50029-3,MCF7,10027-101-1,Crizotinib,0.04,uM,LJP5,72,hr,1209,3621,4203,0.8617,0.8409
50029-3,MCF7,10027-101-1,Crizotinib,0.12,uM,LJP5,72,hr,1209,3523,4203,0.8394,0.8147
50029-3,MCF7,10027-101-1,Crizotinib,0.37,uM,LJP5,72,hr,1209,3073,4203,0.7306,0.6782
50029-3,MCF7,10027-101-1,Crizotinib,1.11,uM,LJP5,72,hr,1209,2163,4203,0.5141,0.3796
50029-3,MCF7,10027-101-1,Crizotinib,3.33,uM,LJP5,72,hr,1209,1299,4203,0.3095,0.0403
50029-3,MCF7,10027-101-1,Crizotinib,10,uM,LJP5,72,hr,1209,886,4203,0.2113,-0.1594
50029-3,MCF7,10028-102-1,BMS345541,0.04,uM,LJP6,72,hr,1209,4237,4012,1.0560,1.0640
50029-3,MCF7,10028-102-1,BMS345541,0.12,uM,LJP6,72,hr,1209,3947,4012,0.9858,0.9846
50029-3,MCF7,10028-102-1,BMS345541,0.37,uM,LJP6,72,hr,1209,3399,4012,0.8469,0.8161
50029-3,MCF7,10028-102-1,BMS345541,1.11,uM,LJP6,72,hr,1209,2502,4012,0.6224,0.5177
50029-3,MCF7,10028-102-1,BMS345541,3.33,uM,LJP6,72,hr,1209,1427,4012,0.3561,0.1001
50029-3,MCF7,10028-102-1,BMS345541,10,uM,LJP6,72,hr,1209,503,4012,0.1253,-0.3986
50029-3,MCF7,10031-101-1,KIN001-043,0.04,uM,LJP6,72,hr,1209,3628,4012,0.9066,0.8906
50029-3,MCF7,10031-101-1,KIN001-043,0.12,uM,LJP6,72,hr,1209,3261,4012,0.8153,0.7776
50029-3,MCF7,10031-101-1,KIN001-043,0.37,uM,LJP6,72,hr,1209,3159,4012,0.7893,0.7448
50029-3,MCF7,10031-101-1,KIN001-043,1.11,uM,LJP6,72,hr,1209,3378,4012,0.8427,0.8119
50029-3,MCF7,10031-101-1,KIN001-043,3.33,uM,LJP6,72,hr,1209,3126,4012,0.7808,0.7336
50029-3,MCF7,10031-101-1,KIN001-043,10,uM,LJP6,72,hr,1209,1613,4012,0.4027,0.1816
50029-3,MCF7,10032-101-1,Saracatinib,0.04,uM,LJP6,72,hr,1209,3381,4012,0.8425,0.8111
50029-3,MCF7,10032-101-1,Saracatinib,0.12,uM,LJP6,72,hr,1209,3308,4012,0.8248,0.7894
50029-3,MCF7,10032-101-1,Saracatinib,0.37,uM,LJP6,72,hr,1209,2897,4012,0.7222,0.6567
50029-3,MCF7,10032-101-1,Saracatinib,1.11,uM,LJP6,72,hr,1209,2815,4012,0.7020,0.6291
50029-3,MCF7,10032-101-1,Saracatinib,3.33,uM,LJP6,72,hr,1209,2488,4012,0.6220,0.5197
50029-3,MCF7,10032-101-1,Saracatinib,10,uM,LJP6,72,hr,1209,2425,4012,0.6057,0.4966
50029-3,MCF7,10035-101-1,Sigma A6730,0.04,uM,LJP5,72,hr,1209,3392,4203,0.8075,0.7755
50029-3,MCF7,10035-101-1,Sigma A6730,0.12,uM,LJP5,72,hr,1209,3269,4203,0.7788,0.7404
50029-3,MCF7,10035-101-1,Sigma A6730,0.37,uM,LJP5,72,hr,1209,2824,4203,0.6727,0.6034
50029-3,MCF7,10035-101-1,Sigma A6730,1.11,uM,LJP5,72,hr,1209,2347,4203,0.5582,0.4449
50029-3,MCF7,10035-101-1,Sigma A6730,3.33,uM,LJP5,72,hr,1209,2001,4203,0.4764,0.3230
50029-3,MCF7,10035-101-1,Sigma A6730,10,uM,LJP5,72,hr,1209,830,4203,0.1970,-0.1915
50029-3,MCF7,10039-101-1,WH-4-025,0.04,uM,LJP5,72,hr,1209,3748,4203,0.8918,0.8764
50029-3,MCF7,10039-101-1,WH-4-025,0.12,uM,LJP5,72,hr,1209,3456,4203,0.8211,0.7903
50029-3,MCF7,10039-101-1,WH-4-025,0.37,uM,LJP5,72,hr,1209,2661,4203,0.6338,0.5515
50029-3,MCF7,10039-101-1,WH-4-025,1.11,uM,LJP5,72,hr,1209,2171,4203,0.5174,0.3855
50029-3,MCF7,10039-101-1,WH-4-025,3.33,uM,LJP5,72,hr,1209,2001,4203,0.4780,0.3251
50029-3,MCF7,10039-101-1,WH-4-025,10,uM,LJP5,72,hr,1209,851,4203,0.2039,-0.1783
50029-3,MCF7,10040-101-1,R406,0.04,uM,LJP6,72,hr,1209,3982,4012,0.9933,0.9930
50029-3,MCF7,10040-101-1,R406,0.12,uM,LJP6,72,hr,1209,4172,4012,1.0418,1.0489
50029-3,MCF7,10040-101-1,R406,0.37,uM,LJP6,72,hr,1209,4158,4012,1.0383,1.0452
50029-3,MCF7,10040-101-1,R406,1.11,uM,LJP6,72,hr,1209,3712,4012,0.9268,0.9150
50029-3,MCF7,10040-101-1,R406,3.33,uM,LJP6,72,hr,1209,3367,4012,0.8397,0.8080
50029-3,MCF7,10040-101-1,R406,10,uM,LJP6,72,hr,1209,1925,4012,0.4799,0.3075
50029-3,MCF7,10041-101-1,BI-2536,0.04,uM,LJP6,72,hr,1209,1478,4012,0.3686,0.1227
50029-3,MCF7,10041-101-1,BI-2536,0.12,uM,LJP6,72,hr,1209,1341,4012,0.3343,0.0608
50029-3,MCF7,10041-101-1,BI-2536,0.37,uM,LJP6,72,hr,1209,1305,4012,0.3250,0.0435
50029-3,MCF7,10041-101-1,BI-2536,1.11,uM,LJP6,72,hr,1209,1241,4012,0.3095,0.0148
50029-3,MCF7,10041-101-1,BI-2536,3.33,uM,LJP6,72,hr,1209,1239,4012,0.3085,0.0125
50029-3,MCF7,10041-101-1,BI-2536,10,uM,LJP6,72,hr,1209,777,4012,0.1945,-0.2274
50029-3,MCF7,10045-101-1,A443654,0.04,uM,LJP6,72,hr,1209,1361,4012,0.3394,0.0696
50029-3,MCF7,10045-101-1,A443654,0.12,uM,LJP6,72,hr,1209,874,4012,0.2179,-0.1724
50029-3,MCF7,10045-101-1,A443654,0.37,uM,LJP6,72,hr,1209,491,4012,0.1226,-0.4072
50029-3,MCF7,10045-101-1,A443654,1.11,uM,LJP6,72,hr,1209,631,4012,0.1570,-0.3152
50029-3,MCF7,10045-101-1,A443654,3.33,uM,LJP6,72,hr,1209,636,4012,0.1589,-0.3108
50029-3,MCF7,10045-101-1,A443654,10,uM,LJP6,72,hr,1209,403,4012,0.1003,-0.4714
50029-3,MCF7,10046-101-1,SB590885,0.04,uM,LJP5,72,hr,1209,3687,4203,0.8774,0.8595
50029-3,MCF7,10046-101-1,SB590885,0.12,uM,LJP5,72,hr,1209,4035,4203,0.9607,0.9562
50029-3,MCF7,10046-101-1,SB590885,0.37,uM,LJP5,72,hr,1209,4099,4203,0.9746,0.9707
50029-3,MCF7,10046-101-1,SB590885,1.11,uM,LJP5,72,hr,1209,4189,4203,0.9961,0.9949
50029-3,MCF7,10046-101-1,SB590885,3.33,uM,LJP5,72,hr,1209,4070,4203,0.9685,0.9647
50029-3,MCF7,10046-101-1,SB590885,10,uM,LJP5,72,hr,1209,409,4203,0.0977,-0.4537
50029-3,MCF7,10047-101-1,Pictilisib,0.04,uM,LJP6,72,hr,1209,2135,4012,0.5327,0.3894
50029-3,MCF7,10047-101-1,Pictilisib,0.12,uM,LJP6,72,hr,1209,1604,4012,0.3994,0.1755
50029-3,MCF7,10047-101-1,Pictilisib,0.37,uM,LJP6,72,hr,1209,1212,4012,0.3026,0.0015
50029-3,MCF7,10047-101-1,Pictilisib,1.11,uM,LJP6,72,hr,1209,1216,4012,0.3034,0.0030
50029-3,MCF7,10047-101-1,Pictilisib,3.33,uM,LJP6,72,hr,1209,1112,4012,0.2780,-0.0470
50029-3,MCF7,10047-101-1,Pictilisib,10,uM,LJP6,72,hr,1209,903,4012,0.2255,-0.1558
50029-3,MCF7,10048-101-1,PD184352,0.04,uM,LJP5,72,hr,1209,3272,4203,0.7800,0.7418
50029-3,MCF7,10048-101-1,PD184352,0.12,uM,LJP5,72,hr,1209,3009,4203,0.7150,0.6576
50029-3,MCF7,10048-101-1,PD184352,0.37,uM,LJP5,72,hr,1209,2969,4203,0.7079,0.6502
50029-3,MCF7,10048-101-1,PD184352,1.11,uM,LJP5,72,hr,1209,2764,4203,0.6589,0.5856
50029-3,MCF7,10048-101-1,PD184352,3.33,uM,LJP5,72,hr,1209,2643,4203,0.6286,0.5436
50029-3,MCF7,10048-101-1,PD184352,10,uM,LJP5,72,hr,1209,1981,4203,0.4710,0.3142
50029-3,MCF7,10049-101-1,PLX-4720,0.04,uM,LJP5,72,hr,1209,4027,4203,0.9581,0.9525
50029-3,MCF7,10049-101-1,PLX-4720,0.12,uM,LJP5,72,hr,1209,4003,4203,0.9536,0.9482
50029-3,MCF7,10049-101-1,PLX-4720,0.37,uM,LJP5,72,hr,1209,4295,4203,1.0230,1.0262
50029-3,MCF7,10049-101-1,PLX-4720,1.11,uM,LJP5,72,hr,1209,4132,4203,0.9822,0.9786
50029-3,MCF7,10049-101-1,PLX-4720,3.33,uM,LJP5,72,hr,1209,3822,4203,0.9080,0.8932
50029-3,MCF7,10049-101-1,PLX-4720,10,uM,LJP5,72,hr,1209,3072,4203,0.7285,0.6729
50029-3,MCF7,10051-104-1,Lapatinib,0.04,uM,LJP6,72,hr,1209,3516,4012,0.8766,0.8534
50029-3,MCF7,10051-104-1,Lapatinib,0.12,uM,LJP6,72,hr,1209,3460,4012,0.8635,0.8377
50029-3,MCF7,10051-104-1,Lapatinib,0.37,uM,LJP6,72,hr,1209,3726,4012,0.9282,0.9149
50029-3,MCF7,10051-104-1,Lapatinib,1.11,uM,LJP6,72,hr,1209,3510,4012,0.8747,0.8510
50029-3,MCF7,10051-104-1,Lapatinib,3.33,uM,LJP6,72,hr,1209,3577,4012,0.8917,0.8716
50029-3,MCF7,10051-104-1,Lapatinib,10,uM,LJP6,72,hr,1209,1584,4012,0.3935,0.1626
50029-3,MCF7,10052-101-1,Sirolimus,0.04,uM,LJP6,72,hr,1209,2216,4012,0.5518,0.4171
50029-3,MCF7,10052-101-1,Sirolimus,0.12,uM,LJP6,72,hr,1209,2235,4012,0.5568,0.4248
50029-3,MCF7,10052-101-1,Sirolimus,0.37,uM,LJP6,72,hr,1209,2249,4012,0.5608,0.4312
50029-3,MCF7,10052-101-1,Sirolimus,1.11,uM,LJP6,72,hr,1209,2181,4012,0.5425,0.4022
50029-3,MCF7,10052-101-1,Sirolimus,3.33,uM,LJP6,72,hr,1209,2273,4012,0.5666,0.4398
50029-3,MCF7,10052-101-1,Sirolimus,10,uM,LJP6,72,hr,1209,2039,4012,0.5087,0.3529
50029-3,MCF7,10053-101-1,ZSTK474,0.04,uM,LJP6,72,hr,1209,2257,4012,0.5628,0.4342
50029-3,MCF7,10053-101-1,ZSTK474,0.12,uM,LJP6,72,hr,1209,1575,4012,0.3927,0.1636
50029-3,MCF7,10053-101-1,ZSTK474,0.37,uM,LJP6,72,hr,1209,1396,4012,0.3483,0.0859
50029-3,MCF7,10053-101-1,ZSTK474,1.11,uM,LJP6,72,hr,1209,1160,4012,0.2889,-0.0252
50029-3,MCF7,10053-101-1,ZSTK474,3.33,uM,LJP6,72,hr,1209,1057,4012,0.2635,-0.0756
50029-3,MCF7,10053-101-1,ZSTK474,10,uM,LJP6,72,hr,1209,925,4012,0.2310,-0.1435
50029-3,MCF7,10055-101-1,BX-912,0.04,uM,LJP5,72,hr,1209,3738,4203,0.8904,0.8752
50029-3,MCF7,10055-101-1,BX-912,0.12,uM,LJP5,72,hr,1209,3549,4203,0.8453,0.8211
50029-3,MCF7,10055-101-1,BX-912,0.37,uM,LJP5,72,hr,1209,2683,4203,0.6391,0.5586
50029-3,MCF7,10055-101-1,BX-912,1.11,uM,LJP5,72,hr,1209,2139,4203,0.5093,0.3733
50029-3,MCF7,10055-101-1,BX-912,3.33,uM,LJP5,72,hr,1209,1766,4203,0.4209,0.2346
50029-3,MCF7,10055-101-1,BX-912,10,uM,LJP5,72,hr,1209,1186,4203,0.2827,-0.0110
50029-3,MCF7,10056-101-1,Selumetinib,0.04,uM,LJP6,72,hr,1209,3122,4012,0.7787,0.7308
50029-3,MCF7,10056-101-1,Selumetinib,0.12,uM,LJP6,72,hr,1209,2770,4012,0.6907,0.6145
50029-3,MCF7,10056-101-1,Selumetinib,0.37,uM,LJP6,72,hr,1209,2499,4012,0.6214,0.5164
50029-3,MCF7,10056-101-1,Selumetinib,1.11,uM,LJP6,72,hr,1209,2517,4012,0.6272,0.5266
50029-3,MCF7,10056-101-1,Selumetinib,3.33,uM,LJP6,72,hr,1209,2748,4012,0.6851,0.6070
50029-3,MCF7,10056-101-1,Selumetinib,10,uM,LJP6,72,hr,1209,2522,4012,0.6297,0.5307
50029-3,MCF7,10057-102-1,MK2206,0.04,uM,LJP6,72,hr,1209,2425,4012,0.6048,0.4946
50029-3,MCF7,10057-102-1,MK2206,0.12,uM,LJP6,72,hr,1209,2265,4012,0.5652,0.4375
50029-3,MCF7,10057-102-1,MK2206,0.37,uM,LJP6,72,hr,1209,2043,4012,0.5097,0.3543
50029-3,MCF7,10057-102-1,MK2206,1.11,uM,LJP6,72,hr,1209,1819,4012,0.4540,0.2666
50029-3,MCF7,10057-102-1,MK2206,3.33,uM,LJP6,72,hr,1209,1618,4012,0.4034,0.1829
50029-3,MCF7,10057-102-1,MK2206,10,uM,LJP6,72,hr,1209,1071,4012,0.2669,-0.0688
50029-3,MCF7,10059-101-1,AZD-6482,0.04,uM,LJP5,72,hr,1209,4152,4203,0.9873,0.9851
50029-3,MCF7,10059-101-1,AZD-6482,0.12,uM,LJP5,72,hr,1209,4042,4203,0.9628,0.9588
50029-3,MCF7,10059-101-1,AZD-6482,0.37,uM,LJP5,72,hr,1209,4050,4203,0.9637,0.9592
50029-3,MCF7,10059-101-1,AZD-6482,1.11,uM,LJP5,72,hr,1209,3734,4203,0.8897,0.8745
50029-3,MCF7,10059-101-1,AZD-6482,3.33,uM,LJP5,72,hr,1209,3144,4203,0.7492,0.7033
50029-3,MCF7,10059-101-1,AZD-6482,10,uM,LJP5,72,hr,1209,1478,4203,0.3503,0.1121
50029-3,MCF7,10061-101-1,NU7441,0.04,uM,LJP5,72,hr,1209,4014,4203,0.9547,0.9482
50029-3,MCF7,10061-101-1,NU7441,0.12,uM,LJP5,72,hr,1209,3929,4203,0.9360,0.9282
50029-3,MCF7,10061-101-1,NU7441,0.37,uM,LJP5,72,hr,1209,3777,4203,0.8990,0.8849
50029-3,MCF7,10061-101-1,NU7441,1.11,uM,LJP5,72,hr,1209,3487,4203,0.8305,0.8038
50029-3,MCF7,10061-101-1,NU7441,3.33,uM,LJP5,72,hr,1209,3054,4203,0.7274,0.6752
50029-3,MCF7,10061-101-1,NU7441,10,uM,LJP5,72,hr,1209,1259,4203,0.2999,0.0219
50029-3,MCF7,10063-102-1,OSI-027,0.04,uM,LJP6,72,hr,1209,3192,4012,0.7973,0.7551
50029-3,MCF7,10063-102-1,OSI-027,0.12,uM,LJP6,72,hr,1209,2358,4012,0.5890,0.4727
50029-3,MCF7,10063-102-1,OSI-027,0.37,uM,LJP6,72,hr,1209,1958,4012,0.4893,0.3225
50029-3,MCF7,10063-102-1,OSI-027,1.11,uM,LJP6,72,hr,1209,1612,4012,0.4026,0.1810
50029-3,MCF7,10063-102-1,OSI-027,3.33,uM,LJP6,72,hr,1209,1459,4012,0.3648,0.1153
50029-3,MCF7,10063-102-1,OSI-027,10,uM,LJP6,72,hr,1209,1255,4012,0.3130,0.0214
50029-3,MCF7,10064-101-1,WYE-125132,0.04,uM,LJP6,72,hr,1209,1334,4012,0.3324,0.0570
50029-3,MCF7,10064-101-1,WYE-125132,0.12,uM,LJP6,72,hr,1209,1264,4012,0.3151,0.0251
50029-3,MCF7,10064-101-1,WYE-125132,0.37,uM,LJP6,72,hr,1209,1318,4012,0.3286,0.0505
50029-3,MCF7,10064-101-1,WYE-125132,1.11,uM,LJP6,72,hr,1209,1292,4012,0.3221,0.0383
50029-3,MCF7,10064-101-1,WYE-125132,3.33,uM,LJP6,72,hr,1209,1170,4012,0.2922,-0.0187
50029-3,MCF7,10064-101-1,WYE-125132,10,uM,LJP6,72,hr,1209,879,4012,0.2192,-0.1689
50029-3,MCF7,10067-101-1,Barasertib,0.04,uM,LJP5,72,hr,1209,1502,4203,0.3579,0.1279
50029-3,MCF7,10067-101-1,Barasertib,0.12,uM,LJP5,72,hr,1209,1458,4203,0.3476,0.1101
50029-3,MCF7,10067-101-1,Barasertib,0.37,uM,LJP5,72,hr,1209,1454,4203,0.3463,0.1077
50029-3,MCF7,10067-101-1,Barasertib,1.11,uM,LJP5,72,hr,1209,1417,4203,0.3379,0.0926
50029-3,MCF7,10067-101-1,Barasertib,3.33,uM,LJP5,72,hr,1209,1407,4203,0.3358,0.0887
50029-3,MCF7,10067-101-1,Barasertib,10,uM,LJP5,72,hr,1209,1468,4203,0.3504,0.1148
50029-3,MCF7,10068-101-1,Vemurafenib,0.04,uM,LJP5,72,hr,1209,4065,4203,0.9658,0.9591
50029-3,MCF7,10068-101-1,Vemurafenib,0.12,uM,LJP5,72,hr,1209,4214,4203,1.0032,1.0027
50029-3,MCF7,10068-101-1,Vemurafenib,0.37,uM,LJP5,72,hr,1209,4347,4203,1.0360,1.0407
50029-3,MCF7,10068-101-1,Vemurafenib,1.11,uM,LJP5,72,hr,1209,4204,4203,1.0003,1.0002
50029-3,MCF7,10068-101-1,Vemurafenib,3.33,uM,LJP5,72,hr,1209,4259,4203,1.0147,1.0170
50029-3,MCF7,10068-101-1,Vemurafenib,10,uM,LJP5,72,hr,1209,3596,4203,0.8555,0.8330
50029-3,MCF7,10069-101-1,Enzastaurin,0.04,uM,LJP5,72,hr,1209,4044,4203,0.9622,0.9572
50029-3,MCF7,10069-101-1,Enzastaurin,0.12,uM,LJP5,72,hr,1209,4339,4203,1.0323,1.0357
50029-3,MCF7,10069-101-1,Enzastaurin,0.37,uM,LJP5,72,hr,1209,4092,4203,0.9728,0.9684
50029-3,MCF7,10069-101-1,Enzastaurin,1.11,uM,LJP5,72,hr,1209,3959,4203,0.9436,0.9368
50029-3,MCF7,10069-101-1,Enzastaurin,3.33,uM,LJP5,72,hr,1209,3917,4203,0.9339,0.9262
50029-3,MCF7,10069-101-1,Enzastaurin,10,uM,LJP5,72,hr,1209,2911,4203,0.6935,0.6314
50029-3,MCF7,10071-101-1,Palbociclib,0.04,uM,LJP6,72,hr,1209,2761,4012,0.6898,0.6137
50029-3,MCF7,10071-101-1,Palbociclib,0.12,uM,LJP6,72,hr,1209,2372,4012,0.5925,0.4778
50029-3,MCF7,10071-101-1,Palbociclib,0.37,uM,LJP6,72,hr,1209,2022,4012,0.5043,0.3460
50029-3,MCF7,10071-101-1,Palbociclib,1.11,uM,LJP6,72,hr,1209,1989,4012,0.4963,0.3336
50029-3,MCF7,10071-101-1,Palbociclib,3.33,uM,LJP6,72,hr,1209,1850,4012,0.4622,0.2794
50029-3,MCF7,10071-101-1,Palbociclib,10,uM,LJP6,72,hr,1209,1820,4012,0.4540,0.2665
50029-3,MCF7,10072-101-1,PF562271,0.04,uM,LJP6,72,hr,1209,3497,4012,0.8741,0.8510
50029-3,MCF7,10072-101-1,PF562271,0.12,uM,LJP6,72,hr,1209,3018,4012,0.7526,0.6969
50029-3,MCF7,10072-101-1,PF562271,0.37,uM,LJP6,72,hr,1209,2452,4012,0.6113,0.5042
50029-3,MCF7,10072-101-1,PF562271,1.11,uM,LJP6,72,hr,1209,1775,4012,0.4436,0.2494
50029-3,MCF7,10072-101-1,PF562271,3.33,uM,LJP6,72,hr,1209,1125,4012,0.2812,-0.0405
50029-3,MCF7,10072-101-1,PF562271,10,uM,LJP6,72,hr,1209,701,4012,0.1746,-0.2714
50029-3,MCF7,10073-101-1,PHA-793887,0.04,uM,LJP6,72,hr,1209,1898,4012,0.4743,0.2983
50029-3,MCF7,10073-101-1,PHA-793887,0.12,uM,LJP6,72,hr,1209,1439,4012,0.3589,0.1055
50029-3,MCF7,10073-101-1,PHA-793887,0.37,uM,LJP6,72,hr,1209,1226,4012,0.3062,0.0084
50029-3,MCF7,10073-101-1,PHA-793887,1.11,uM,LJP6,72,hr,1209,1079,4012,0.2695,-0.0647
50029-3,MCF7,10073-101-1,PHA-793887,3.33,uM,LJP6,72,hr,1209,745,4012,0.1861,-0.2443
50029-3,MCF7,10073-101-1,PHA-793887,10,uM,LJP6,72,hr,1209,647,4012,0.1615,-0.3045
50029-3,MCF7,10075-101-1,QL-X-138,0.04,uM,LJP6,72,hr,1209,2945,4012,0.7336,0.6714
50029-3,MCF7,10075-101-1,QL-X-138,0.12,uM,LJP6,72,hr,1209,2415,4012,0.6031,0.4931
50029-3,MCF7,10075-101-1,QL-X-138,0.37,uM,LJP6,72,hr,1209,1937,4012,0.4829,0.3126
50029-3,MCF7,10075-101-1,QL-X-138,1.11,uM,LJP6,72,hr,1209,1567,4012,0.3909,0.1611
50029-3,MCF7,10075-101-1,QL-X-138,3.33,uM,LJP6,72,hr,1209,1407,4012,0.3510,0.0913
50029-3,MCF7,10075-101-1,QL-X-138,10,uM,LJP6,72,hr,1209,972,4012,0.2425,-0.1190
50029-3,MCF7,10077-101-1,QL-XII-47,0.04,uM,LJP6,72,hr,1209,2151,4012,0.5370,0.3959
50029-3,MCF7,10077-101-1,QL-XII-47,0.12,uM,LJP6,72,hr,1209,1579,4012,0.3938,0.1664
50029-3,MCF7,10077-101-1,QL-XII-47,0.37,uM,LJP6,72,hr,1209,1317,4012,0.3284,0.0499
50029-3,MCF7,10077-101-1,QL-XII-47,1.11,uM,LJP6,72,hr,1209,1028,4012,0.2564,-0.0902
50029-3,MCF7,10077-101-1,QL-XII-47,3.33,uM,LJP6,72,hr,1209,1021,4012,0.2546,-0.0938
50029-3,MCF7,10077-101-1,QL-XII-47,10,uM,LJP6,72,hr,1209,608,4012,0.1517,-0.3285
50029-3,MCF7,10079-101-1,Torin1,0.04,uM,LJP6,72,hr,1209,1482,4012,0.3686,0.1218
50029-3,MCF7,10079-101-1,Torin1,0.12,uM,LJP6,72,hr,1209,1411,4012,0.3520,0.0931
50029-3,MCF7,10079-101-1,Torin1,0.37,uM,LJP6,72,hr,1209,1313,4012,0.3274,0.0482
50029-3,MCF7,10079-101-1,Torin1,1.11,uM,LJP6,72,hr,1209,1216,4012,0.3030,0.0023
50029-3,MCF7,10079-101-1,Torin1,3.33,uM,LJP6,72,hr,1209,1158,4012,0.2889,-0.0252
50029-3,MCF7,10079-101-1,Torin1,10,uM,LJP6,72,hr,1209,1000,4012,0.2490,-0.1056
50029-3,MCF7,10080-101-1,Torin2,0.04,uM,LJP5,72,hr,1209,1120,4203,0.2671,-0.0417
50029-3,MCF7,10080-101-1,Torin2,0.12,uM,LJP5,72,hr,1209,1014,4203,0.2414,-0.0940
50029-3,MCF7,10080-101-1,Torin2,0.37,uM,LJP5,72,hr,1209,997,4203,0.2378,-0.1018
50029-3,MCF7,10080-101-1,Torin2,1.11,uM,LJP5,72,hr,1209,1031,4203,0.2452,-0.0865
50029-3,MCF7,10080-101-1,Torin2,3.33,uM,LJP5,72,hr,1209,1060,4203,0.2531,-0.0710
50029-3,MCF7,10080-101-1,Torin2,10,uM,LJP5,72,hr,1209,1015,4203,0.2415,-0.0939
50029-3,MCF7,10082-101-1,WZ-4-145,0.04,uM,LJP6,72,hr,1209,2751,4012,0.6859,0.6082
50029-3,MCF7,10082-101-1,WZ-4-145,0.12,uM,LJP6,72,hr,1209,2527,4012,0.6296,0.5300
50029-3,MCF7,10082-101-1,WZ-4-145,0.37,uM,LJP6,72,hr,1209,2178,4012,0.5434,0.4054
50029-3,MCF7,10082-101-1,WZ-4-145,1.11,uM,LJP6,72,hr,1209,1815,4012,0.4524,0.2638
50029-3,MCF7,10082-101-1,WZ-4-145,3.33,uM,LJP6,72,hr,1209,1357,4012,0.3380,0.0675
50029-3,MCF7,10082-101-1,WZ-4-145,10,uM,LJP6,72,hr,1209,772,4012,0.1925,-0.2296
50029-3,MCF7,10084-101-1,WZ3105,0.04,uM,LJP5,72,hr,1209,572,4203,0.1365,-0.3411
50029-3,MCF7,10084-101-1,WZ3105,0.12,uM,LJP5,72,hr,1209,622,4203,0.1483,-0.3101
50029-3,MCF7,10084-101-1,WZ3105,0.37,uM,LJP5,72,hr,1209,665,4203,0.1590,-0.2830
50029-3,MCF7,10084-101-1,WZ3105,1.11,uM,LJP5,72,hr,1209,711,4203,0.1695,-0.2561
50029-3,MCF7,10084-101-1,WZ3105,3.33,uM,LJP5,72,hr,1209,663,4203,0.1583,-0.2842
50029-3,MCF7,10084-101-1,WZ3105,10,uM,LJP5,72,hr,1209,687,4203,0.1638,-0.2703
50029-3,MCF7,10086-101-1,XMD11-50,0.04,uM,LJP6,72,hr,1209,3486,4012,0.8682,0.8420
50029-3,MCF7,10086-101-1,XMD11-50,0.12,uM,LJP6,72,hr,1209,3292,4012,0.8195,0.7801
50029-3,MCF7,10086-101-1,XMD11-50,0.37,uM,LJP6,72,hr,1209,2703,4012,0.6735,0.5909
50029-3,MCF7,10086-101-1,XMD11-50,1.11,uM,LJP6,72,hr,1209,2179,4012,0.5424,0.4029
50029-3,MCF7,10086-101-1,XMD11-50,3.33,uM,LJP6,72,hr,1209,1687,4012,0.4209,0.2123
50029-3,MCF7,10086-101-1,XMD11-50,10,uM,LJP6,72,hr,1209,1277,4012,0.3186,0.0318
50029-3,MCF7,10087-101-1,XMD11-85h,0.04,uM,LJP6,72,hr,1209,3440,4012,0.8598,0.8333
50029-3,MCF7,10087-101-1,XMD11-85h,0.12,uM,LJP6,72,hr,1209,3650,4012,0.9108,0.8953
50029-3,MCF7,10087-101-1,XMD11-85h,0.37,uM,LJP6,72,hr,1209,3735,4012,0.9340,0.9227
50029-3,MCF7,10087-101-1,XMD11-85h,1.11,uM,LJP6,72,hr,1209,3420,4012,0.8521,0.8228
50029-3,MCF7,10087-101-1,XMD11-85h,3.33,uM,LJP6,72,hr,1209,3452,4012,0.8600,0.8325
50029-3,MCF7,10087-101-1,XMD11-85h,10,uM,LJP6,72,hr,1209,1830,4012,0.4564,0.2705
50029-3,MCF7,10091-101-1,XMD16-144,0.04,uM,LJP5,72,hr,1209,1543,4203,0.3684,0.1458
50029-3,MCF7,10091-101-1,XMD16-144,0.12,uM,LJP5,72,hr,1209,1550,4203,0.3694,0.1482
50029-3,MCF7,10091-101-1,XMD16-144,0.37,uM,LJP5,72,hr,1209,1495,4203,0.3560,0.1244
50029-3,MCF7,10091-101-1,XMD16-144,1.11,uM,LJP5,72,hr,1209,1515,4203,0.3611,0.1337
50029-3,MCF7,10091-101-1,XMD16-144,3.33,uM,LJP5,72,hr,1209,1457,4203,0.3477,0.1100
50029-3,MCF7,10091-101-1,XMD16-144,10,uM,LJP5,72,hr,1209,685,4203,0.1634,-0.2713
50029-3,MCF7,10097-101-1,Erlotinib,0.04,uM,LJP5,72,hr,1209,3874,4203,0.9233,0.9139
50029-3,MCF7,10097-101-1,Erlotinib,0.12,uM,LJP5,72,hr,1209,3863,4203,0.9189,0.9076
50029-3,MCF7,10097-101-1,Erlotinib,0.37,uM,LJP5,72,hr,1209,4208,4203,1.0017,1.0023
50029-3,MCF7,10097-101-1,Erlotinib,1.11,uM,LJP5,72,hr,1209,4308,4203,1.0255,1.0285
50029-3,MCF7,10097-101-1,Erlotinib,3.33,uM,LJP5,72,hr,1209,4251,4203,1.0131,1.0156
50029-3,MCF7,10097-101-1,Erlotinib,10,uM,LJP5,72,hr,1209,3651,4203,0.8706,0.8516
50029-3,MCF7,10098-101-1,Gefitinib,0.04,uM,LJP6,72,hr,1209,4112,4012,1.0253,1.0295
50029-3,MCF7,10098-101-1,Gefitinib,0.12,uM,LJP6,72,hr,1209,3983,4012,0.9927,0.9912
50029-3,MCF7,10098-101-1,Gefitinib,0.37,uM,LJP6,72,hr,1209,3898,4012,0.9712,0.9657
50029-3,MCF7,10098-101-1,Gefitinib,1.11,uM,LJP6,72,hr,1209,4054,4012,1.0093,1.0094
50029-3,MCF7,10098-101-1,Gefitinib,3.33,uM,LJP6,72,hr,1209,3922,4012,0.9767,0.9717
50029-3,MCF7,10098-101-1,Gefitinib,10,uM,LJP6,72,hr,1209,3232,4012,0.8057,0.7652
50029-3,MCF7,10099-101-1,Nilotinib,0.04,uM,LJP5,72,hr,1209,4224,4203,1.0061,1.0075
50029-3,MCF7,10099-101-1,Nilotinib,0.12,uM,LJP5,72,hr,1209,4205,4203,0.9983,0.9950
50029-3,MCF7,10099-101-1,Nilotinib,0.37,uM,LJP5,72,hr,1209,4013,4203,0.9567,0.9522
50029-3,MCF7,10099-101-1,Nilotinib,1.11,uM,LJP5,72,hr,1209,3988,4203,0.9487,0.9418
50029-3,MCF7,10099-101-1,Nilotinib,3.33,uM,LJP5,72,hr,1209,3829,4203,0.9125,0.9014
50029-3,MCF7,10099-101-1,Nilotinib,10,uM,LJP5,72,hr,1209,957,4203,0.2280,-0.1225
50029-3,MCF7,10100-101-1,JNK-9L,0.04,uM,LJP6,72,hr,1209,3341,4012,0.8321,0.7973
50029-3,MCF7,10100-101-1,JNK-9L,0.12,uM,LJP6,72,hr,1209,3099,4012,0.7703,0.7159
50029-3,MCF7,10100-101-1,JNK-9L,0.37,uM,LJP6,72,hr,1209,1504,4012,0.3745,0.1325
50029-3,MCF7,10100-101-1,JNK-9L,1.11,uM,LJP6,72,hr,1209,460,4012,0.1147,-0.4285
50029-3,MCF7,10100-101-1,JNK-9L,3.33,uM,LJP6,72,hr,1209,353,4012,0.0879,-0.5100
50029-3,MCF7,10100-101-1,JNK-9L,10,uM,LJP6,72,hr,1209,233,4012,0.0581,-0.6146
50029-3,MCF7,10101-101-1,PD0325901,0.04,uM,LJP5,72,hr,1209,2624,4203,0.6249,0.5392
50029-3,MCF7,10101-101-1,PD0325901,0.04,uM,LJP6,72,hr,1209,2638,4012,0.6588,0.5713
50029-3,MCF7,10101-101-1,PD0325901,0.12,uM,LJP5,72,hr,1209,2623,4203,0.6261,0.5410
50029-3,MCF7,10101-101-1,PD0325901,0.12,uM,LJP6,72,hr,1209,2557,4012,0.6382,0.5427
50029-3,MCF7,10101-101-1,PD0325901,0.37,uM,LJP5,72,hr,1209,2390,4203,0.5695,0.4617
50029-3,MCF7,10101-101-1,PD0325901,0.37,uM,LJP6,72,hr,1209,2523,4012,0.6294,0.5301
50029-3,MCF7,10101-101-1,PD0325901,1.11,uM,LJP5,72,hr,1209,2197,4203,0.5232,0.3938
50029-3,MCF7,10101-101-1,PD0325901,1.11,uM,LJP6,72,hr,1209,2208,4012,0.5513,0.4172
50029-3,MCF7,10101-101-1,PD0325901,3.33,uM,LJP5,72,hr,1209,1945,4203,0.4620,0.2995
50029-3,MCF7,10101-101-1,PD0325901,3.33,uM,LJP6,72,hr,1209,1875,4012,0.4666,0.2854
50029-3,MCF7,10101-101-1,PD0325901,10,uM,LJP5,72,hr,1209,1625,4203,0.3858,0.1753
50029-3,MCF7,10101-101-1,PD0325901,10,uM,LJP6,72,hr,1209,1471,4012,0.3650,0.1127
50029-3,MCF7,10108-101-1,Geldanamycin,0.04,uM,LJP5,72,hr,1209,2534,4203,0.6017,0.5052
50029-3,MCF7,10108-101-1,Geldanamycin,0.04,uM,LJP6,72,hr,1209,2242,4012,0.5591,0.4288
50029-3,MCF7,10108-101-1,Geldanamycin,0.12,uM,LJP5,72,hr,1209,1510,4203,0.3578,0.1249
50029-3,MCF7,10108-101-1,Geldanamycin,0.12,uM,LJP6,72,hr,1209,1405,4012,0.3500,0.0891
50029-3,MCF7,10108-101-1,Geldanamycin,0.37,uM,LJP5,72,hr,1209,1285,4203,0.3060,0.0340
50029-3,MCF7,10108-101-1,Geldanamycin,0.37,uM,LJP6,72,hr,1209,1273,4012,0.3173,0.0294
50029-3,MCF7,10108-101-1,Geldanamycin,1.11,uM,LJP5,72,hr,1209,1263,4203,0.3018,0.0252
50029-3,MCF7,10108-101-1,Geldanamycin,1.11,uM,LJP6,72,hr,1209,1260,4012,0.3144,0.0240
50029-3,MCF7,10108-101-1,Geldanamycin,3.33,uM,LJP5,72,hr,1209,1071,4203,0.2550,-0.0661
50029-3,MCF7,10108-101-1,Geldanamycin,3.33,uM,LJP6,72,hr,1209,1126,4012,0.2806,-0.0413
50029-3,MCF7,10108-101-1,Geldanamycin,10,uM,LJP5,72,hr,1209,904,4203,0.2142,-0.1547
50029-3,MCF7,10108-101-1,Geldanamycin,10,uM,LJP6,72,hr,1209,706,4012,0.1755,-0.2703
50029-3,MCF7,10109-101-1,YM 201636,0.04,uM,LJP5,72,hr,1209,4290,4203,1.0216,1.0245
50029-3,MCF7,10109-101-1,YM 201636,0.12,uM,LJP5,72,hr,1209,3938,4203,0.9368,0.9282
50029-3,MCF7,10109-101-1,YM 201636,0.37,uM,LJP5,72,hr,1209,3484,4203,0.8319,0.8054
50029-3,MCF7,10109-101-1,YM 201636,1.11,uM,LJP5,72,hr,1209,2692,4203,0.6399,0.5585
50029-3,MCF7,10109-101-1,YM 201636,3.33,uM,LJP5,72,hr,1209,1757,4203,0.4190,0.2314
50029-3,MCF7,10109-101-1,YM 201636,10,uM,LJP5,72,hr,1209,435,4203,0.1038,-0.4341
50029-3,MCF7,10111-101-1,TWS119,0.04,uM,LJP5,72,hr,1209,4199,4203,1.0007,1.0017
50029-3,MCF7,10111-101-1,TWS119,0.12,uM,LJP5,72,hr,1209,3957,4203,0.9416,0.9340
50029-3,MCF7,10111-101-1,TWS119,0.37,uM,LJP5,72,hr,1209,4462,4203,1.0640,1.0713
50029-3,MCF7,10111-101-1,TWS119,1.11,uM,LJP5,72,hr,1209,4004,4203,0.9535,0.9476
50029-3,MCF7,10111-101-1,TWS119,3.33,uM,LJP5,72,hr,1209,2957,4203,0.7033,0.6432
50029-3,MCF7,10111-101-1,TWS119,10,uM,LJP5,72,hr,1209,1097,4203,0.2614,-0.0538
50029-3,MCF7,10112-101-1,PF477736,0.04,uM,LJP5,72,hr,1209,2896,4203,0.6893,0.6252
50029-3,MCF7,10112-101-1,PF477736,0.12,uM,LJP5,72,hr,1209,2291,4203,0.5459,0.4277
50029-3,MCF7,10112-101-1,PF477736,0.37,uM,LJP5,72,hr,1209,1945,4203,0.4638,0.3036
50029-3,MCF7,10112-101-1,PF477736,1.11,uM,LJP5,72,hr,1209,1707,4203,0.4072,0.2124
50029-3,MCF7,10112-101-1,PF477736,3.33,uM,LJP5,72,hr,1209,1573,4203,0.3748,0.1576
50029-3,MCF7,10112-101-1,PF477736,10,uM,LJP5,72,hr,1209,1268,4203,0.3019,0.0262
50029-3,MCF7,10115-102-1,LDN-193189,0.04,uM,LJP5,72,hr,1209,4394,4203,1.0467,1.0523
50029-3,MCF7,10115-102-1,LDN-193189,0.12,uM,LJP5,72,hr,1209,4506,4203,1.0727,1.0803
50029-3,MCF7,10115-102-1,LDN-193189,0.37,uM,LJP5,72,hr,1209,4049,4203,0.9659,0.9629
50029-3,MCF7,10115-102-1,LDN-193189,1.11,uM,LJP5,72,hr,1209,3535,4203,0.8416,0.8169
50029-3,MCF7,10115-102-1,LDN-193189,3.33,uM,LJP5,72,hr,1209,967,4203,0.2296,-0.1197
50029-3,MCF7,10115-102-1,LDN-193189,10,uM,LJP5,72,hr,1209,502,4203,0.1197,-0.3886
50029-3,MCF7,10116-101-1,PF431396,0.04,uM,LJP5,72,hr,1209,3174,4203,0.7570,0.7129
50029-3,MCF7,10116-101-1,PF431396,0.12,uM,LJP5,72,hr,1209,2380,4203,0.5676,0.4586
50029-3,MCF7,10116-101-1,PF431396,0.37,uM,LJP5,72,hr,1209,1470,4203,0.3509,0.1156
50029-3,MCF7,10116-101-1,PF431396,1.11,uM,LJP5,72,hr,1209,1289,4203,0.3075,0.0365
50029-3,MCF7,10116-101-1,PF431396,3.33,uM,LJP5,72,hr,1209,1069,4203,0.2555,-0.0661
50029-3,MCF7,10116-101-1,PF431396,10,uM,LJP5,72,hr,1209,642,4203,0.1532,-0.2974
50029-3,MCF7,10117-101-1,Celastrol,0.04,uM,LJP6,72,hr,1209,4182,4012,1.0446,1.0523
50029-3,MCF7,10117-101-1,Celastrol,0.12,uM,LJP6,72,hr,1209,3933,4012,0.9828,0.9811
50029-3,MCF7,10117-101-1,Celastrol,0.37,uM,LJP6,72,hr,1209,2695,4012,0.6726,0.5903
50029-3,MCF7,10117-101-1,Celastrol,1.11,uM,LJP6,72,hr,1209,1395,4012,0.3481,0.0860
50029-3,MCF7,10117-101-1,Celastrol,3.33,uM,LJP6,72,hr,1209,1009,4012,0.2526,-0.0995
50029-3,MCF7,10117-101-1,Celastrol,10,uM,LJP6,72,hr,1209,525,4012,0.1312,-0.3830
50029-3,MCF7,10119-101-1,SU11274,0.04,uM,LJP5,72,hr,1209,4485,4203,1.0671,1.0727
50029-3,MCF7,10119-101-1,SU11274,0.12,uM,LJP5,72,hr,1209,4202,4203,0.9978,0.9950
50029-3,MCF7,10119-101-1,SU11274,0.37,uM,LJP5,72,hr,1209,3974,4203,0.9467,0.9404
50029-3,MCF7,10119-101-1,SU11274,1.11,uM,LJP5,72,hr,1209,3609,4203,0.8600,0.8394
50029-3,MCF7,10119-101-1,SU11274,3.33,uM,LJP5,72,hr,1209,3108,4203,0.7394,0.6899
50029-3,MCF7,10119-101-1,SU11274,10,uM,LJP5,72,hr,1209,1328,4203,0.3168,0.0538
50029-3,MCF7,10120-102-1,Canertinib,0.04,uM,LJP6,72,hr,1209,3958,4012,0.9885,0.9875
50029-3,MCF7,10120-102-1,Canertinib,0.12,uM,LJP6,72,hr,1209,3742,4012,0.9339,0.9228
50029-3,MCF7,10120-102-1,Canertinib,0.37,uM,LJP6,72,hr,1209,3428,4012,0.8550,0.8270
50029-3,MCF7,10120-102-1,Canertinib,1.11,uM,LJP6,72,hr,1209,3126,4012,0.7787,0.7301
50029-3,MCF7,10120-102-1,Canertinib,3.33,uM,LJP6,72,hr,1209,2633,4012,0.6570,0.5687
50029-3,MCF7,10120-102-1,Canertinib,10,uM,LJP6,72,hr,1209,693,4012,0.1727,-0.2761
50029-3,MCF7,10122-101-1,NVP-AEW541,0.04,uM,LJP5,72,hr,1209,3941,4203,0.9378,0.9296
50029-3,MCF7,10122-101-1,NVP-AEW541,0.12,uM,LJP5,72,hr,1209,3114,4203,0.7419,0.6926
50029-3,MCF7,10122-101-1,NVP-AEW541,0.37,uM,LJP5,72,hr,1209,2349,4203,0.5596,0.4476
50029-3,MCF7,10122-101-1,NVP-AEW541,1.11,uM,LJP5,72,hr,1209,2159,4203,0.5144,0.3811
50029-3,MCF7,10122-101-1,NVP-AEW541,3.33,uM,LJP5,72,hr,1209,1957,4203,0.4659,0.3068
50029-3,MCF7,10122-101-1,NVP-AEW541,10,uM,LJP5,72,hr,1209,893,4203,0.2123,-0.1574
50029-3,MCF7,10125-101-1,PHA-665752,0.04,uM,LJP5,72,hr,1209,4385,4203,1.0455,1.0511
50029-3,MCF7,10125-101-1,PHA-665752,0.12,uM,LJP5,72,hr,1209,4138,4203,0.9849,0.9833
50029-3,MCF7,10125-101-1,PHA-665752,0.37,uM,LJP5,72,hr,1209,4159,4203,0.9902,0.9896
50029-3,MCF7,10125-101-1,PHA-665752,1.11,uM,LJP5,72,hr,1209,4055,4203,0.9660,0.9626
50029-3,MCF7,10125-101-1,PHA-665752,3.33,uM,LJP5,72,hr,1209,4012,4203,0.9560,0.9514
50029-3,MCF7,10125-101-1,PHA-665752,10,uM,LJP5,72,hr,1209,2513,4203,0.5988,0.5030
50029-3,MCF7,10126-101-1,PI103,0.04,uM,LJP6,72,hr,1209,2628,4012,0.6528,0.5577
50029-3,MCF7,10126-101-1,PI103,0.12,uM,LJP6,72,hr,1209,1667,4012,0.4148,0.2010
50029-3,MCF7,10126-101-1,PI103,0.37,uM,LJP6,72,hr,1209,1171,4012,0.2917,-0.0202
50029-3,MCF7,10126-101-1,PI103,1.11,uM,LJP6,72,hr,1209,1007,4012,0.2502,-0.1044
50029-3,MCF7,10126-101-1,PI103,3.33,uM,LJP6,72,hr,1209,915,4012,0.2278,-0.1506
50029-3,MCF7,10126-101-1,PI103,10,uM,LJP6,72,hr,1209,700,4012,0.1740,-0.2735
50029-3,MCF7,10127-101-1,Dovitinib,0.04,uM,LJP5,72,hr,1209,4004,4203,0.9540,0.9491
50029-3,MCF7,10127-101-1,Dovitinib,0.12,uM,LJP5,72,hr,1209,3885,4203,0.9251,0.9153
50029-3,MCF7,10127-101-1,Dovitinib,0.37,uM,LJP5,72,hr,1209,2707,4203,0.6441,0.5634
50029-3,MCF7,10127-101-1,Dovitinib,1.11,uM,LJP5,72,hr,1209,2067,4203,0.4912,0.3450
50029-3,MCF7,10127-101-1,Dovitinib,3.33,uM,LJP5,72,hr,1209,1690,4203,0.4021,0.2035
50029-3,MCF7,10127-101-1,Dovitinib,10,uM,LJP5,72,hr,1209,1654,4203,0.3937,0.1895
50029-3,MCF7,10128-101-1,GSK 690693,0.04,uM,LJP5,72,hr,1209,2794,4203,0.6647,0.5926
50029-3,MCF7,10128-101-1,GSK 690693,0.12,uM,LJP5,72,hr,1209,2286,4203,0.5448,0.4261
50029-3,MCF7,10128-101-1,GSK 690693,0.37,uM,LJP5,72,hr,1209,2009,4203,0.4779,0.3243
50029-3,MCF7,10128-101-1,GSK 690693,1.11,uM,LJP5,72,hr,1209,1923,4203,0.4582,0.2947
50029-3,MCF7,10128-101-1,GSK 690693,3.33,uM,LJP5,72,hr,1209,1828,4203,0.4359,0.2593
50029-3,MCF7,10128-101-1,GSK 690693,10,uM,LJP5,72,hr,1209,1699,4203,0.4048,0.2084
50029-3,MCF7,10132-101-1,SNS-032,0.04,uM,LJP6,72,hr,1209,1200,4012,0.2993,-0.0048
50029-3,MCF7,10132-101-1,SNS-032,0.12,uM,LJP6,72,hr,1209,734,4012,0.1835,-0.2505
50029-3,MCF7,10132-101-1,SNS-032,0.37,uM,LJP6,72,hr,1209,723,4012,0.1801,-0.2581
50029-3,MCF7,10132-101-1,SNS-032,1.11,uM,LJP6,72,hr,1209,720,4012,0.1798,-0.2592
50029-3,MCF7,10132-101-1,SNS-032,3.33,uM,LJP6,72,hr,1209,702,4012,0.1752,-0.2704
50029-3,MCF7,10132-101-1,SNS-032,10,uM,LJP6,72,hr,1209,694,4012,0.1730,-0.2754
50029-3,MCF7,10133-101-1,Afatinib,0.04,uM,LJP6,72,hr,1209,3665,4012,0.9147,0.9003
50029-3,MCF7,10133-101-1,Afatinib,0.12,uM,LJP6,72,hr,1209,3666,4012,0.9160,0.9019
50029-3,MCF7,10133-101-1,Afatinib,0.37,uM,LJP6,72,hr,1209,3723,4012,0.9287,0.9168
50029-3,MCF7,10133-101-1,Afatinib,1.11,uM,LJP6,72,hr,1209,2817,4012,0.7008,0.6263
50029-3,MCF7,10133-101-1,Afatinib,3.33,uM,LJP6,72,hr,1209,3086,4012,0.7711,0.7213
50029-3,MCF7,10133-101-1,Afatinib,10,uM,LJP6,72,hr,1209,922,4012,0.2304,-0.1451
50029-3,MCF7,10134-101-1,GSK1904529A,0.04,uM,LJP6,72,hr,1209,2379,4012,0.5937,0.4795
50029-3,MCF7,10134-101-1,GSK1904529A,0.12,uM,LJP6,72,hr,1209,2269,4012,0.5660,0.4382
50029-3,MCF7,10134-101-1,GSK1904529A,0.37,uM,LJP6,72,hr,1209,2171,4012,0.5425,0.4041
50029-3,MCF7,10134-101-1,GSK1904529A,1.11,uM,LJP6,72,hr,1209,2046,4012,0.5101,0.3549
50029-3,MCF7,10134-101-1,GSK1904529A,3.33,uM,LJP6,72,hr,1209,1999,4012,0.4988,0.3374
50029-3,MCF7,10134-101-1,GSK1904529A,10,uM,LJP6,72,hr,1209,1997,4012,0.4988,0.3375
50029-3,MCF7,10135-101-1,Linsitinib,0.04,uM,LJP5,72,hr,1209,3271,4203,0.7776,0.7377
50029-3,MCF7,10135-101-1,Linsitinib,0.12,uM,LJP5,72,hr,1209,2975,4203,0.7074,0.6482
50029-3,MCF7,10135-101-1,Linsitinib,0.37,uM,LJP5,72,hr,1209,2335,4203,0.5554,0.4407
50029-3,MCF7,10135-101-1,Linsitinib,1.11,uM,LJP5,72,hr,1209,2053,4203,0.4890,0.3419
50029-3,MCF7,10135-101-1,Linsitinib,3.33,uM,LJP5,72,hr,1209,1932,4203,0.4600,0.2976
50029-3,MCF7,10135-101-1,Linsitinib,10,uM,LJP5,72,hr,1209,1647,4203,0.3926,0.1877
50029-3,MCF7,10138-105-1,Ruxolitinib,0.04,uM,LJP5,72,hr,1209,4326,4203,1.0260,1.0237
50029-3,MCF7,10138-105-1,Ruxolitinib,0.12,uM,LJP5,72,hr,1209,4206,4203,1.0013,1.0020
50029-3,MCF7,10138-105-1,Ruxolitinib,0.37,uM,LJP5,72,hr,1209,4219,4203,1.0039,1.0043
50029-3,MCF7,10138-105-1,Ruxolitinib,1.11,uM,LJP5,72,hr,1209,4523,4203,1.0753,1.0811
50029-3,MCF7,10138-105-1,Ruxolitinib,3.33,uM,LJP5,72,hr,1209,4523,4203,1.0761,1.0827
50029-3,MCF7,10138-105-1,Ruxolitinib,10,uM,LJP5,72,hr,1209,3462,4203,0.8236,0.7938
50029-3,MCF7,10140-101-1,Momelotinib,0.04,uM,LJP5,72,hr,1209,3799,4203,0.9044,0.8912
50029-3,MCF7,10140-101-1,Momelotinib,0.12,uM,LJP5,72,hr,1209,3956,4203,0.9422,0.9353
50029-3,MCF7,10140-101-1,Momelotinib,0.37,uM,LJP5,72,hr,1209,3620,4203,0.8624,0.8424
50029-3,MCF7,10140-101-1,Momelotinib,1.11,uM,LJP5,72,hr,1209,2752,4203,0.6544,0.5782
50029-3,MCF7,10140-101-1,Momelotinib,3.33,uM,LJP5,72,hr,1209,1704,4203,0.4057,0.2098
50029-3,MCF7,10140-101-1,Momelotinib,10,uM,LJP5,72,hr,1209,1263,4203,0.3000,0.0219
50029-3,MCF7,10141-101-1,Fedratinib,0.04,uM,LJP5,72,hr,1209,4036,4203,0.9615,0.9563
50029-3,MCF7,10141-101-1,Fedratinib,0.12,uM,LJP5,72,hr,1209,3749,4203,0.8898,0.8710
50029-3,MCF7,10141-101-1,Fedratinib,0.37,uM,LJP5,72,hr,1209,3198,4203,0.7612,0.7177
50029-3,MCF7,10141-101-1,Fedratinib,1.11,uM,LJP5,72,hr,1209,2137,4203,0.5086,0.3720
50029-3,MCF7,10141-101-1,Fedratinib,3.33,uM,LJP5,72,hr,1209,1391,4203,0.3314,0.0808
50029-3,MCF7,10141-101-1,Fedratinib,10,uM,LJP5,72,hr,1209,626,4203,0.1491,-0.3074
50029-3,MCF7,10142-101-1,Trametinib,0.04,uM,LJP5,72,hr,1209,2188,4203,0.5203,0.3892
50029-3,MCF7,10142-101-1,Trametinib,0.12,uM,LJP5,72,hr,1209,2030,4203,0.4836,0.3343
50029-3,MCF7,10142-101-1,Trametinib,0.37,uM,LJP5,72,hr,1209,2084,4203,0.4969,0.3541
50029-3,MCF7,10142-101-1,Trametinib,1.11,uM,LJP5,72,hr,1209,2203,4203,0.5255,0.3977
50029-3,MCF7,10142-101-1,Trametinib,3.33,uM,LJP5,72,hr,1209,2307,4203,0.5498,0.4332
50029-3,MCF7,10142-101-1,Trametinib,10,uM,LJP5,72,hr,1209,2277,4203,0.5423,0.4214
50029-3,MCF7,10146-101-1,Omipalisib,0.04,uM,LJP6,72,hr,1209,1105,4012,0.2753,-0.0519
50029-3,MCF7,10146-101-1,Omipalisib,0.12,uM,LJP6,72,hr,1209,1054,4012,0.2631,-0.0763
50029-3,MCF7,10146-101-1,Omipalisib,0.37,uM,LJP6,72,hr,1209,1105,4012,0.2754,-0.0517
50029-3,MCF7,10146-101-1,Omipalisib,1.11,uM,LJP6,72,hr,1209,1102,4012,0.2752,-0.0522
50029-3,MCF7,10146-101-1,Omipalisib,3.33,uM,LJP6,72,hr,1209,1073,4012,0.2676,-0.0671
50029-3,MCF7,10146-101-1,Omipalisib,10,uM,LJP6,72,hr,1209,903,4012,0.2257,-0.1551
50029-3,MCF7,10147-101-1,Buparlisib,0.04,uM,LJP5,72,hr,1209,2423,4203,0.5774,0.4727
50029-3,MCF7,10147-101-1,Buparlisib,0.12,uM,LJP5,72,hr,1209,1881,4203,0.4487,0.2797
50029-3,MCF7,10147-101-1,Buparlisib,0.37,uM,LJP5,72,hr,1209,1418,4203,0.3381,0.0929
50029-3,MCF7,10147-101-1,Buparlisib,1.11,uM,LJP5,72,hr,1209,977,4203,0.2331,-0.1118
50029-3,MCF7,10147-101-1,Buparlisib,3.33,uM,LJP5,72,hr,1209,838,4203,0.1998,-0.1851
50029-3,MCF7,10147-101-1,Buparlisib,10,uM,LJP5,72,hr,1209,854,4203,0.2032,-0.1769
50029-3,MCF7,10148-101-1,XL147,0.04,uM,LJP5,72,hr,1209,4436,4203,1.0594,1.0668
50029-3,MCF7,10148-101-1,XL147,0.12,uM,LJP5,72,hr,1209,4346,4203,1.0343,1.0377
50029-3,MCF7,10148-101-1,XL147,0.37,uM,LJP5,72,hr,1209,4269,4203,1.0166,1.0189
50029-3,MCF7,10148-101-1,XL147,1.11,uM,LJP5,72,hr,1209,4323,4203,1.0297,1.0336
50029-3,MCF7,10148-101-1,XL147,3.33,uM,LJP5,72,hr,1209,4318,4203,1.0277,1.0308
50029-3,MCF7,10148-101-1,XL147,10,uM,LJP5,72,hr,1209,3097,4203,0.7373,0.6877
50029-3,MCF7,10149-102-1,Y39983,0.04,uM,LJP6,72,hr,1209,4386,4012,1.0946,1.1082
50029-3,MCF7,10149-102-1,Y39983,0.12,uM,LJP6,72,hr,1209,4310,4012,1.0745,1.0854
50029-3,MCF7,10149-102-1,Y39983,0.37,uM,LJP6,72,hr,1209,4177,4012,1.0403,1.0453
50029-3,MCF7,10149-102-1,Y39983,1.11,uM,LJP6,72,hr,1209,4045,4012,1.0094,1.0118
50029-3,MCF7,10149-102-1,Y39983,3.33,uM,LJP6,72,hr,1209,3292,4012,0.8227,0.7870
50029-3,MCF7,10149-102-1,Y39983,10,uM,LJP6,72,hr,1209,642,4012,0.1600,-0.3072
50029-3,MCF7,10151-101-1,Nintedanib,0.04,uM,LJP6,72,hr,1209,4173,4012,1.0413,1.0482
50029-3,MCF7,10151-101-1,Nintedanib,0.12,uM,LJP6,72,hr,1209,3927,4012,0.9785,0.9748
50029-3,MCF7,10151-101-1,Nintedanib,0.37,uM,LJP6,72,hr,1209,3494,4012,0.8716,0.8476
50029-3,MCF7,10151-101-1,Nintedanib,1.11,uM,LJP6,72,hr,1209,2818,4012,0.7016,0.6282
50029-3,MCF7,10151-101-1,Nintedanib,3.33,uM,LJP6,72,hr,1209,2411,4012,0.6011,0.4897
50029-3,MCF7,10151-101-1,Nintedanib,10,uM,LJP6,72,hr,1209,1386,4012,0.3453,0.0808
50029-3,MCF7,10157-101-1,Foretinib,0.04,uM,LJP5,72,hr,1209,4323,4203,1.0304,1.0340
50029-3,MCF7,10157-101-1,Foretinib,0.12,uM,LJP5,72,hr,1209,2856,4203,0.6794,0.6120
50029-3,MCF7,10157-101-1,Foretinib,0.37,uM,LJP5,72,hr,1209,1490,4203,0.3548,0.1225
50029-3,MCF7,10157-101-1,Foretinib,1.11,uM,LJP5,72,hr,1209,1355,4203,0.3233,0.0660
50029-3,MCF7,10157-101-1,Foretinib,3.33,uM,LJP5,72,hr,1209,1209,4203,0.2874,-0.0019
50029-3,MCF7,10157-101-1,Foretinib,10,uM,LJP5,72,hr,1209,745,4203,0.1780,-0.2366
50029-3,MCF7,10158-101-1,AZD 5438,0.04,uM,LJP6,72,hr,1209,2897,4012,0.7209,0.6534
50029-3,MCF7,10158-101-1,AZD 5438,0.12,uM,LJP6,72,hr,1209,1817,4012,0.4520,0.2615
50029-3,MCF7,10158-101-1,AZD 5438,0.37,uM,LJP6,72,hr,1209,1175,4012,0.2918,-0.0214
50029-3,MCF7,10158-101-1,AZD 5438,1.11,uM,LJP6,72,hr,1209,768,4012,0.1908,-0.2340
50029-3,MCF7,10158-101-1,AZD 5438,3.33,uM,LJP6,72,hr,1209,669,4012,0.1664,-0.2923
50029-3,MCF7,10158-101-1,AZD 5438,10,uM,LJP6,72,hr,1209,697,4012,0.1736,-0.2739
50029-3,MCF7,10159-101-1,Pelitinib,0.04,uM,LJP5,72,hr,1209,4399,4203,1.0469,1.0515
50029-3,MCF7,10159-101-1,Pelitinib,0.12,uM,LJP5,72,hr,1209,4182,4203,0.9942,0.9924
50029-3,MCF7,10159-101-1,Pelitinib,0.37,uM,LJP5,72,hr,1209,3818,4203,0.9100,0.8984
50029-3,MCF7,10159-101-1,Pelitinib,1.11,uM,LJP5,72,hr,1209,2812,4203,0.6699,0.6000
50029-3,MCF7,10159-101-1,Pelitinib,3.33,uM,LJP5,72,hr,1209,1741,4203,0.4143,0.2239
50029-3,MCF7,10159-101-1,Pelitinib,10,uM,LJP5,72,hr,1209,849,4203,0.2031,-0.1788
50029-3,MCF7,10161-101-1,Luminespib,0.04,uM,LJP5,72,hr,1209,1245,4203,0.2967,0.0163
50029-3,MCF7,10161-101-1,Luminespib,0.12,uM,LJP5,72,hr,1209,1240,4203,0.2956,0.0141
50029-3,MCF7,10161-101-1,Luminespib,0.37,uM,LJP5,72,hr,1209,1235,4203,0.2949,0.0123
50029-3,MCF7,10161-101-1,Luminespib,1.11,uM,LJP5,72,hr,1209,1244,4203,0.2967,0.0152
50029-3,MCF7,10161-101-1,Luminespib,3.33,uM,LJP5,72,hr,1209,1297,4203,0.3089,0.0392
50029-3,MCF7,10161-101-1,Luminespib,10,uM,LJP5,72,hr,1209,1189,4203,0.2834,-0.0094
50029-3,MCF7,10164-101-1,AZD8330,0.04,uM,LJP5,72,hr,1209,2264,4203,0.5397,0.4182
50029-3,MCF7,10164-101-1,AZD8330,0.12,uM,LJP5,72,hr,1209,2154,4203,0.5130,0.3789
50029-3,MCF7,10164-101-1,AZD8330,0.37,uM,LJP5,72,hr,1209,2162,4203,0.5151,0.3822
50029-3,MCF7,10164-101-1,AZD8330,1.11,uM,LJP5,72,hr,1209,2091,4203,0.4975,0.3548
50029-3,MCF7,10164-101-1,AZD8330,3.33,uM,LJP5,72,hr,1209,2276,4203,0.5422,0.4221
50029-3,MCF7,10164-101-1,AZD8330,10,uM,LJP5,72,hr,1209,2370,4203,0.5652,0.4550
50029-3,MCF7,10171-101-1,TGX221,0.04,uM,LJP5,72,hr,1209,3847,4203,0.9152,0.9034
50029-3,MCF7,10171-101-1,TGX221,0.12,uM,LJP5,72,hr,1209,3699,4203,0.8792,0.8598
50029-3,MCF7,10171-101-1,TGX221,0.37,uM,LJP5,72,hr,1209,4044,4203,0.9619,0.9566
50029-3,MCF7,10171-101-1,TGX221,1.11,uM,LJP5,72,hr,1209,4008,4203,0.9549,0.9498
50029-3,MCF7,10171-101-1,TGX221,3.33,uM,LJP5,72,hr,1209,4072,4203,0.9709,0.9684
50029-3,MCF7,10171-101-1,TGX221,10,uM,LJP5,72,hr,1209,3243,4203,0.7735,0.7340
50029-3,MCF7,10172-101-1,GSK1059615,0.04,uM,LJP5,72,hr,1209,3973,4203,0.9462,0.9399
50029-3,MCF7,10172-101-1,GSK1059615,0.04,uM,LJP6,72,hr,1209,3764,4012,0.9401,0.9300
50029-3,MCF7,10172-101-1,GSK1059615,0.12,uM,LJP5,72,hr,1209,3526,4203,0.8395,0.8144
50029-3,MCF7,10172-101-1,GSK1059615,0.12,uM,LJP6,72,hr,1209,3368,4012,0.8399,0.8082
50029-3,MCF7,10172-101-1,GSK1059615,0.37,uM,LJP5,72,hr,1209,2627,4203,0.6260,0.5408
50029-3,MCF7,10172-101-1,GSK1059615,0.37,uM,LJP6,72,hr,1209,2825,4012,0.7044,0.6328
50029-3,MCF7,10172-101-1,GSK1059615,1.11,uM,LJP5,72,hr,1209,1448,4203,0.3453,0.1057
50029-3,MCF7,10172-101-1,GSK1059615,1.11,uM,LJP6,72,hr,1209,1785,4012,0.4452,0.2523
50029-3,MCF7,10172-101-1,GSK1059615,3.33,uM,LJP5,72,hr,1209,1029,4203,0.2447,-0.0877
50029-3,MCF7,10172-101-1,GSK1059615,3.33,uM,LJP6,72,hr,1209,986,4012,0.2453,-0.1134
50029-3,MCF7,10172-101-1,GSK1059615,10,uM,LJP5,72,hr,1209,664,4203,0.1578,-0.2854
50029-3,MCF7,10172-101-1,GSK1059615,10,uM,LJP6,72,hr,1209,793,4012,0.1971,-0.2200
50029-3,MCF7,10177-101-1,Brivanib,0.04,uM,LJP5,72,hr,1209,4167,4203,0.9925,0.9916
50029-3,MCF7,10177-101-1,Brivanib,0.12,uM,LJP5,72,hr,1209,3892,4203,0.9250,0.9137
50029-3,MCF7,10177-101-1,Brivanib,0.37,uM,LJP5,72,hr,1209,3943,4203,0.9385,0.9308
50029-3,MCF7,10177-101-1,Brivanib,1.11,uM,LJP5,72,hr,1209,3997,4203,0.9494,0.9410
50029-3,MCF7,10177-101-1,Brivanib,3.33,uM,LJP5,72,hr,1209,4047,4203,0.9636,0.9591
50029-3,MCF7,10177-101-1,Brivanib,10,uM,LJP5,72,hr,1209,3821,4203,0.9091,0.8963
50029-3,MCF7,10180-101-1,CHIR-99021,0.04,uM,LJP6,72,hr,1209,3736,4012,0.9315,0.9200
50029-3,MCF7,10180-101-1,CHIR-99021,0.12,uM,LJP6,72,hr,1209,3607,4012,0.9002,0.8826
50029-3,MCF7,10180-101-1,CHIR-99021,0.37,uM,LJP6,72,hr,1209,3606,4012,0.8988,0.8803
50029-3,MCF7,10180-101-1,CHIR-99021,1.11,uM,LJP6,72,hr,1209,3242,4012,0.8082,0.7683
50029-3,MCF7,10180-101-1,CHIR-99021,3.33,uM,LJP6,72,hr,1209,3034,4012,0.7552,0.6989
50029-3,MCF7,10180-101-1,CHIR-99021,10,uM,LJP6,72,hr,1209,1880,4012,0.4689,0.2901
50029-3,MCF7,10182-101-1,Linifanib,0.04,uM,LJP6,72,hr,1209,4004,4012,0.9976,0.9968
50029-3,MCF7,10182-101-1,Linifanib,0.12,uM,LJP6,72,hr,1209,3771,4012,0.9396,0.9290
50029-3,MCF7,10182-101-1,Linifanib,0.37,uM,LJP6,72,hr,1209,3857,4012,0.9609,0.9537
50029-3,MCF7,10182-101-1,Linifanib,1.11,uM,LJP6,72,hr,1209,3641,4012,0.9052,0.8843
50029-3,MCF7,10182-101-1,Linifanib,3.33,uM,LJP6,72,hr,1209,3423,4012,0.8506,0.8168
50029-3,MCF7,10182-101-1,Linifanib,10,uM,LJP6,72,hr,1209,1152,4012,0.2863,-0.0318
50029-3,MCF7,10190-101-1,PIK-93,0.04,uM,LJP5,72,hr,1209,4130,4203,0.9830,0.9812
50029-3,MCF7,10190-101-1,PIK-93,0.12,uM,LJP5,72,hr,1209,3784,4203,0.8997,0.8845
50029-3,MCF7,10190-101-1,PIK-93,0.37,uM,LJP5,72,hr,1209,3322,4203,0.7911,0.7557
50029-3,MCF7,10190-101-1,PIK-93,1.11,uM,LJP5,72,hr,1209,2696,4203,0.6431,0.5636
50029-3,MCF7,10190-101-1,PIK-93,3.33,uM,LJP5,72,hr,1209,1983,4203,0.4733,0.3182
50029-3,MCF7,10190-101-1,PIK-93,10,uM,LJP5,72,hr,1209,1189,4203,0.2834,-0.0094
50029-3,MCF7,10232-101-1,Dactolisib,0.04,uM,LJP5,72,hr,1209,1186,4203,0.2829,-0.0105
50029-3,MCF7,10232-101-1,Dactolisib,0.12,uM,LJP5,72,hr,1209,1071,4203,0.2559,-0.0649
50029-3,MCF7,10232-101-1,Dactolisib,0.37,uM,LJP5,72,hr,1209,962,4203,0.2296,-0.1195
50029-3,MCF7,10232-101-1,Dactolisib,1.11,uM,LJP5,72,hr,1209,980,4203,0.2337,-0.1106
50029-3,MCF7,10232-101-1,Dactolisib,3.33,uM,LJP5,72,hr,1209,1140,4203,0.2718,-0.0323
50029-3,MCF7,10232-101-1,Dactolisib,10,uM,LJP5,72,hr,1209,1240,4203,0.2962,0.0146
50029-3,MCF7,10233-101-1,Alpelisib,0.04,uM,LJP5,72,hr,1209,3283,4203,0.7827,0.7454
50029-3,MCF7,10233-101-1,Alpelisib,0.12,uM,LJP5,72,hr,1209,2769,4203,0.6595,0.5859
50029-3,MCF7,10233-101-1,Alpelisib,0.37,uM,LJP5,72,hr,1209,2069,4203,0.4930,0.3487
50029-3,MCF7,10233-101-1,Alpelisib,1.11,uM,LJP5,72,hr,1209,1779,4203,0.4239,0.2399
50029-3,MCF7,10233-101-1,Alpelisib,3.33,uM,LJP5,72,hr,1209,1459,4203,0.3481,0.1108
50029-3,MCF7,10233-101-1,Alpelisib,10,uM,LJP5,72,hr,1209,1130,4203,0.2698,-0.0366
50029-3,MCF7,10234-101-1,GDC-0980,0.04,uM,LJP5,72,hr,1209,1300,4203,0.3098,0.0411
50029-3,MCF7,10234-101-1,GDC-0980,0.12,uM,LJP5,72,hr,1209,1002,4203,0.2390,-0.1001
50029-3,MCF7,10234-101-1,GDC-0980,0.37,uM,LJP5,72,hr,1209,1023,4203,0.2440,-0.0887
50029-3,MCF7,10234-101-1,GDC-0980,1.11,uM,LJP5,72,hr,1209,1026,4203,0.2450,-0.0872
50029-3,MCF7,10234-101-1,GDC-0980,3.33,uM,LJP5,72,hr,1209,1004,4203,0.2391,-0.0989
50029-3,MCF7,10234-101-1,GDC-0980,10,uM,LJP5,72,hr,1209,1083,4203,0.2578,-0.0602
50029-3,MCF7,10479-102-1,Mitoxantrone,0.04,uM,LJP5,72,hr,1209,1239,4203,0.2951,0.0132
50029-3,MCF7,10479-102-1,Mitoxantrone,0.04,uM,LJP6,72,hr,1209,1258,4012,0.3139,0.0229
50029-3,MCF7,10479-102-1,Mitoxantrone,0.12,uM,LJP5,72,hr,1209,1270,4203,0.3031,0.0282
50029-3,MCF7,10479-102-1,Mitoxantrone,0.12,uM,LJP6,72,hr,1209,1236,4012,0.3091,0.0133
50029-3,MCF7,10479-102-1,Mitoxantrone,0.37,uM,LJP5,72,hr,1209,1193,4203,0.2841,-0.0081
50029-3,MCF7,10479-102-1,Mitoxantrone,0.37,uM,LJP6,72,hr,1209,1233,4012,0.3079,0.0115
50029-3,MCF7,10479-102-1,Mitoxantrone,1.11,uM,LJP5,72,hr,1209,691,4203,0.1645,-0.2684
50029-3,MCF7,10479-102-1,Mitoxantrone,1.11,uM,LJP6,72,hr,1209,694,4012,0.1729,-0.2756
50029-3,MCF7,10479-102-1,Mitoxantrone,3.33,uM,LJP5,72,hr,1209,530,4203,0.1262,-0.3687
50029-3,MCF7,10479-102-1,Mitoxantrone,3.33,uM,LJP6,72,hr,1209,499,4012,0.1242,-0.4019
50029-3,MCF7,10479-102-1,Mitoxantrone,10,uM,LJP5,72,hr,1209,89,4203,0.0213,-0.7655
50029-3,MCF7,10479-102-1,Mitoxantrone,10,uM,LJP6,72,hr,1209,70,4012,0.0175,-0.8076
50029-3,MCF7,10480-101-1,Radicicol,0.04,uM,LJP5,72,hr,1209,2692,4203,0.6413,0.5618
50029-3,MCF7,10480-101-1,Radicicol,0.04,uM,LJP6,72,hr,1209,2453,4012,0.6121,0.5058
50029-3,MCF7,10480-101-1,Radicicol,0.12,uM,LJP5,72,hr,1209,1864,4203,0.4430,0.2698
50029-3,MCF7,10480-101-1,Radicicol,0.12,uM,LJP6,72,hr,1209,1778,4012,0.4437,0.2498
50029-3,MCF7,10480-101-1,Radicicol,0.37,uM,LJP5,72,hr,1209,1564,4203,0.3721,0.1528
50029-3,MCF7,10480-101-1,Radicicol,0.37,uM,LJP6,72,hr,1209,1432,4012,0.3575,0.1028
50029-3,MCF7,10480-101-1,Radicicol,1.11,uM,LJP5,72,hr,1209,1393,4203,0.3321,0.0821
50029-3,MCF7,10480-101-1,Radicicol,1.11,uM,LJP6,72,hr,1209,1436,4012,0.3584,0.1046
50029-3,MCF7,10480-101-1,Radicicol,3.33,uM,LJP5,72,hr,1209,1429,4203,0.3410,0.0971
50029-3,MCF7,10480-101-1,Radicicol,3.33,uM,LJP6,72,hr,1209,1452,4012,0.3621,0.1112
50029-3,MCF7,10480-101-1,Radicicol,10,uM,LJP5,72,hr,1209,1010,4203,0.2409,-0.0957
50029-3,MCF7,10480-101-1,Radicicol,10,uM,LJP6,72,hr,1209,954,4012,0.2381,-0.1285
50029-3,MCF7,10481-101-1,Withaferin A,0.04,uM,LJP5,72,hr,1209,4135,4203,0.9851,0.9842
50029-3,MCF7,10481-101-1,Withaferin A,0.04,uM,LJP6,72,hr,1209,4048,4012,1.0081,1.0084
50029-3,MCF7,10481-101-1,Withaferin A,0.12,uM,LJP5,72,hr,1209,4381,4203,1.0450,1.0507
50029-3,MCF7,10481-101-1,Withaferin A,0.12,uM,LJP6,72,hr,1209,3460,4012,0.8634,0.8377
50029-3,MCF7,10481-101-1,Withaferin A,0.37,uM,LJP5,72,hr,1209,1706,4203,0.4063,0.2102
50029-3,MCF7,10481-101-1,Withaferin A,0.37,uM,LJP6,72,hr,1209,1696,4012,0.4234,0.2164
50029-3,MCF7,10481-101-1,Withaferin A,1.11,uM,LJP5,72,hr,1209,1364,4203,0.3253,0.0696
50029-3,MCF7,10481-101-1,Withaferin A,1.11,uM,LJP6,72,hr,1209,1327,4012,0.3307,0.0541
50029-3,MCF7,10481-101-1,Withaferin A,3.33,uM,LJP5,72,hr,1209,527,4203,0.1258,-0.3701
50029-3,MCF7,10481-101-1,Withaferin A,3.33,uM,LJP6,72,hr,1209,571,4012,0.1429,-0.3521
50029-3,MCF7,10481-101-1,Withaferin A,10,uM,LJP5,72,hr,1209,744,4203,0.1780,-0.2371
50029-3,MCF7,10481-101-1,Withaferin A,10,uM,LJP6,72,hr,1209,664,4012,0.1659,-0.2930
50057-3,SK-BR-3,10001-101-1,Seliciclib,0.04,uM,LJP5,72,hr,1401,4169,4245,0.9826,0.9786
50057-3,SK-BR-3,10001-101-1,Seliciclib,0.12,uM,LJP5,72,hr,1401,4234,4245,0.9990,1.0004
50057-3,SK-BR-3,10001-101-1,Seliciclib,0.37,uM,LJP5,72,hr,1401,3923,4245,0.9229,0.9004
50057-3,SK-BR-3,10001-101-1,Seliciclib,1.11,uM,LJP5,72,hr,1401,3763,4245,0.8864,0.8542
50057-3,SK-BR-3,10001-101-1,Seliciclib,3.33,uM,LJP5,72,hr,1401,3235,4245,0.7609,0.6836
50057-3,SK-BR-3,10001-101-1,Seliciclib,10,uM,LJP5,72,hr,1401,2209,4245,0.5182,0.3213
50057-3,SK-BR-3,10004-101-1,AT-7519,0.04,uM,LJP6,72,hr,1401,2511,4168,0.6031,0.4499
50057-3,SK-BR-3,10004-101-1,AT-7519,0.12,uM,LJP6,72,hr,1401,1469,4168,0.3528,0.0307
50057-3,SK-BR-3,10004-101-1,AT-7519,0.37,uM,LJP6,72,hr,1401,1174,4168,0.2819,-0.1064
50057-3,SK-BR-3,10004-101-1,AT-7519,1.11,uM,LJP6,72,hr,1401,953,4168,0.2287,-0.2181
50057-3,SK-BR-3,10004-101-1,AT-7519,3.33,uM,LJP6,72,hr,1401,711,4168,0.1708,-0.3524
50057-3,SK-BR-3,10004-101-1,AT-7519,10,uM,LJP6,72,hr,1401,486,4168,0.1167,-0.4930
50057-3,SK-BR-3,10006-101-1,AZD7762,0.04,uM,LJP6,72,hr,1401,1907,4168,0.4574,0.2158
50057-3,SK-BR-3,10006-101-1,AZD7762,0.12,uM,LJP6,72,hr,1401,1526,4168,0.3660,0.0552
50057-3,SK-BR-3,10006-101-1,AZD7762,0.37,uM,LJP6,72,hr,1401,1341,4168,0.3216,-0.0285
50057-3,SK-BR-3,10006-101-1,AZD7762,1.11,uM,LJP6,72,hr,1401,1112,4168,0.2665,-0.1380
50057-3,SK-BR-3,10006-101-1,AZD7762,3.33,uM,LJP6,72,hr,1401,1020,4168,0.2452,-0.1849
50057-3,SK-BR-3,10006-101-1,AZD7762,10,uM,LJP6,72,hr,1401,856,4168,0.2056,-0.2694
50057-3,SK-BR-3,10007-101-1,AZD8055,0.04,uM,LJP6,72,hr,1401,1460,4168,0.3504,0.0264
50057-3,SK-BR-3,10007-101-1,AZD8055,0.12,uM,LJP6,72,hr,1401,1438,4168,0.3455,0.0170
50057-3,SK-BR-3,10007-101-1,AZD8055,0.37,uM,LJP6,72,hr,1401,1361,4168,0.3270,-0.0182
50057-3,SK-BR-3,10007-101-1,AZD8055,1.11,uM,LJP6,72,hr,1401,1306,4168,0.3138,-0.0436
50057-3,SK-BR-3,10007-101-1,AZD8055,3.33,uM,LJP6,72,hr,1401,1289,4168,0.3097,-0.0518
50057-3,SK-BR-3,10007-101-1,AZD8055,10,uM,LJP6,72,hr,1401,443,4168,0.1063,-0.5192
50057-3,SK-BR-3,10008-101-1,Sorafenib,0.04,uM,LJP6,72,hr,1401,3852,4168,0.9237,0.9010
50057-3,SK-BR-3,10008-101-1,Sorafenib,0.12,uM,LJP6,72,hr,1401,4043,4168,0.9705,0.9625
50057-3,SK-BR-3,10008-101-1,Sorafenib,0.37,uM,LJP6,72,hr,1401,4190,4168,1.0057,1.0077
50057-3,SK-BR-3,10008-101-1,Sorafenib,1.11,uM,LJP6,72,hr,1401,4107,4168,0.9848,0.9801
50057-3,SK-BR-3,10008-101-1,Sorafenib,3.33,uM,LJP6,72,hr,1401,4352,4168,1.0443,1.0563
50057-3,SK-BR-3,10008-101-1,Sorafenib,10,uM,LJP6,72,hr,1401,2693,4168,0.6469,0.5157
50057-3,SK-BR-3,10009-101-1,CP466722,0.04,uM,LJP5,72,hr,1401,4863,4245,1.1519,1.1903
50057-3,SK-BR-3,10009-101-1,CP466722,0.12,uM,LJP5,72,hr,1401,4299,4245,1.0206,1.0288
50057-3,SK-BR-3,10009-101-1,CP466722,0.37,uM,LJP5,72,hr,1401,4613,4245,1.0928,1.1181
50057-3,SK-BR-3,10009-101-1,CP466722,1.11,uM,LJP5,72,hr,1401,4261,4245,1.0100,1.0149
50057-3,SK-BR-3,10009-101-1,CP466722,3.33,uM,LJP5,72,hr,1401,3557,4245,0.8426,0.7983
50057-3,SK-BR-3,10009-101-1,CP466722,10,uM,LJP5,72,hr,1401,2026,4245,0.4771,0.2567
50057-3,SK-BR-3,10010-101-1,CP724714,0.04,uM,LJP5,72,hr,1401,3625,4245,0.8590,0.8209
50057-3,SK-BR-3,10010-101-1,CP724714,0.12,uM,LJP5,72,hr,1401,2814,4245,0.6638,0.5469
50057-3,SK-BR-3,10010-101-1,CP724714,0.37,uM,LJP5,72,hr,1401,2441,4245,0.5768,0.4166
50057-3,SK-BR-3,10010-101-1,CP724714,1.11,uM,LJP5,72,hr,1401,2141,4245,0.5061,0.3052
50057-3,SK-BR-3,10010-101-1,CP724714,3.33,uM,LJP5,72,hr,1401,1856,4245,0.4371,0.1900
50057-3,SK-BR-3,10010-101-1,CP724714,10,uM,LJP5,72,hr,1401,1398,4245,0.3282,-0.0075
50057-3,SK-BR-3,10011-101-1,Alvocidib,0.04,uM,LJP6,72,hr,1401,1580,4168,0.3793,0.0795
50057-3,SK-BR-3,10011-101-1,Alvocidib,0.12,uM,LJP6,72,hr,1401,964,4168,0.2315,-0.2115
50057-3,SK-BR-3,10011-101-1,Alvocidib,0.37,uM,LJP6,72,hr,1401,959,4168,0.2302,-0.2145
50057-3,SK-BR-3,10011-101-1,Alvocidib,1.11,uM,LJP6,72,hr,1401,948,4168,0.2274,-0.2212
50057-3,SK-BR-3,10011-101-1,Alvocidib,3.33,uM,LJP6,72,hr,1401,903,4168,0.2170,-0.2442
50057-3,SK-BR-3,10011-101-1,Alvocidib,10,uM,LJP6,72,hr,1401,970,4168,0.2330,-0.2090
50057-3,SK-BR-3,10014-101-1,GW843682X,0.04,uM,LJP6,72,hr,1401,3654,4168,0.8765,0.8390
50057-3,SK-BR-3,10014-101-1,GW843682X,0.12,uM,LJP6,72,hr,1401,2267,4168,0.5435,0.3565
50057-3,SK-BR-3,10014-101-1,GW843682X,0.37,uM,LJP6,72,hr,1401,1457,4168,0.3490,0.0225
50057-3,SK-BR-3,10014-101-1,GW843682X,1.11,uM,LJP6,72,hr,1401,1305,4168,0.3133,-0.0441
50057-3,SK-BR-3,10014-101-1,GW843682X,3.33,uM,LJP6,72,hr,1401,1237,4168,0.2965,-0.0775
50057-3,SK-BR-3,10014-101-1,GW843682X,10,uM,LJP6,72,hr,1401,1734,4168,0.4157,0.1431
50057-3,SK-BR-3,10015-101-1,HG-5-113-01,0.04,uM,LJP5,72,hr,1401,3952,4245,0.9310,0.9123
50057-3,SK-BR-3,10015-101-1,HG-5-113-01,0.12,uM,LJP5,72,hr,1401,4041,4245,0.9553,0.9457
50057-3,SK-BR-3,10015-101-1,HG-5-113-01,0.37,uM,LJP5,72,hr,1401,3418,4245,0.8048,0.7437
50057-3,SK-BR-3,10015-101-1,HG-5-113-01,1.11,uM,LJP5,72,hr,1401,1494,4245,0.3516,0.0379
50057-3,SK-BR-3,10015-101-1,HG-5-113-01,3.33,uM,LJP5,72,hr,1401,1313,4245,0.3093,-0.0421
50057-3,SK-BR-3,10015-101-1,HG-5-113-01,10,uM,LJP5,72,hr,1401,1269,4245,0.2991,-0.0621
50057-3,SK-BR-3,10016-101-1,HG-5-88-01,0.04,uM,LJP6,72,hr,1401,3097,4168,0.7436,0.6564
50057-3,SK-BR-3,10016-101-1,HG-5-88-01,0.12,uM,LJP6,72,hr,1401,3487,4168,0.8366,0.7854
50057-3,SK-BR-3,10016-101-1,HG-5-88-01,0.37,uM,LJP6,72,hr,1401,3390,4168,0.8133,0.7538
50057-3,SK-BR-3,10016-101-1,HG-5-88-01,1.11,uM,LJP6,72,hr,1401,3503,4168,0.8403,0.7903
50057-3,SK-BR-3,10016-101-1,HG-5-88-01,3.33,uM,LJP6,72,hr,1401,3630,4168,0.8713,0.8325
50057-3,SK-BR-3,10016-101-1,HG-5-88-01,10,uM,LJP6,72,hr,1401,2100,4168,0.5038,0.2930
50057-3,SK-BR-3,10017-101-1,HG-6-64-01,0.04,uM,LJP6,72,hr,1401,4507,4168,1.0819,1.1028
50057-3,SK-BR-3,10017-101-1,HG-6-64-01,0.12,uM,LJP6,72,hr,1401,3544,4168,0.8505,0.8041
50057-3,SK-BR-3,10017-101-1,HG-6-64-01,0.37,uM,LJP6,72,hr,1401,3319,4168,0.7952,0.7259
50057-3,SK-BR-3,10017-101-1,HG-6-64-01,1.11,uM,LJP6,72,hr,1401,3136,4168,0.7525,0.6690
50057-3,SK-BR-3,10017-101-1,HG-6-64-01,3.33,uM,LJP6,72,hr,1401,2258,4168,0.5420,0.3530
50057-3,SK-BR-3,10017-101-1,HG-6-64-01,10,uM,LJP6,72,hr,1401,516,4168,0.1238,-0.4732
50057-3,SK-BR-3,10018-101-1,Neratinib,0.04,uM,LJP5,72,hr,1401,1538,4245,0.3627,0.0579
50057-3,SK-BR-3,10018-101-1,Neratinib,0.12,uM,LJP5,72,hr,1401,1511,4245,0.3564,0.0471
50057-3,SK-BR-3,10018-101-1,Neratinib,0.37,uM,LJP5,72,hr,1401,1408,4245,0.3327,0.0029
50057-3,SK-BR-3,10018-101-1,Neratinib,1.11,uM,LJP5,72,hr,1401,1481,4245,0.3500,0.0349
50057-3,SK-BR-3,10018-101-1,Neratinib,3.33,uM,LJP5,72,hr,1401,1415,4245,0.3352,0.0069
50057-3,SK-BR-3,10018-101-1,Neratinib,10,uM,LJP5,72,hr,1401,1344,4245,0.3169,-0.0282
50057-3,SK-BR-3,10019-101-1,JW-7-24-1,0.04,uM,LJP6,72,hr,1401,3052,4168,0.7319,0.6391
50057-3,SK-BR-3,10019-101-1,JW-7-24-1,0.12,uM,LJP6,72,hr,1401,3356,4168,0.8056,0.7434
50057-3,SK-BR-3,10019-101-1,JW-7-24-1,0.37,uM,LJP6,72,hr,1401,3069,4168,0.7360,0.6451
50057-3,SK-BR-3,10019-101-1,JW-7-24-1,1.11,uM,LJP6,72,hr,1401,2594,4168,0.6217,0.4773
50057-3,SK-BR-3,10019-101-1,JW-7-24-1,3.33,uM,LJP6,72,hr,1401,2131,4168,0.5111,0.3046
50057-3,SK-BR-3,10019-101-1,JW-7-24-1,10,uM,LJP6,72,hr,1401,1209,4168,0.2900,-0.0903
50057-3,SK-BR-3,10020-101-1,Dasatinib,0.04,uM,LJP5,72,hr,1401,4423,4245,1.0445,1.0575
50057-3,SK-BR-3,10020-101-1,Dasatinib,0.04,uM,LJP6,72,hr,1401,3799,4168,0.9126,0.8870
50057-3,SK-BR-3,10020-101-1,Dasatinib,0.12,uM,LJP5,72,hr,1401,4468,4245,1.0545,1.0693
50057-3,SK-BR-3,10020-101-1,Dasatinib,0.12,uM,LJP6,72,hr,1401,3851,4168,0.9256,0.9033
50057-3,SK-BR-3,10020-101-1,Dasatinib,0.37,uM,LJP5,72,hr,1401,4307,4245,1.0149,1.0187
50057-3,SK-BR-3,10020-101-1,Dasatinib,0.37,uM,LJP6,72,hr,1401,3837,4168,0.9229,0.8986
50057-3,SK-BR-3,10020-101-1,Dasatinib,1.11,uM,LJP5,72,hr,1401,3745,4245,0.8833,0.8513
50057-3,SK-BR-3,10020-101-1,Dasatinib,1.11,uM,LJP6,72,hr,1401,3339,4168,0.8022,0.7380
50057-3,SK-BR-3,10020-101-1,Dasatinib,3.33,uM,LJP5,72,hr,1401,3019,4245,0.7092,0.6096
50057-3,SK-BR-3,10020-101-1,Dasatinib,3.33,uM,LJP6,72,hr,1401,2483,4168,0.5965,0.4379
50057-3,SK-BR-3,10020-101-1,Dasatinib,10,uM,LJP5,72,hr,1401,1770,4245,0.4159,0.1523
50057-3,SK-BR-3,10020-101-1,Dasatinib,10,uM,LJP6,72,hr,1401,900,4168,0.2163,-0.2482
50057-3,SK-BR-3,10021-101-1,Tozasertib,0.04,uM,LJP5,72,hr,1401,1337,4245,0.3153,-0.0303
50057-3,SK-BR-3,10021-101-1,Tozasertib,0.12,uM,LJP5,72,hr,1401,1312,4245,0.3094,-0.0416
50057-3,SK-BR-3,10021-101-1,Tozasertib,0.37,uM,LJP5,72,hr,1401,1448,4245,0.3417,0.0198
50057-3,SK-BR-3,10021-101-1,Tozasertib,1.11,uM,LJP5,72,hr,1401,1451,4245,0.3428,0.0220
50057-3,SK-BR-3,10021-101-1,Tozasertib,3.33,uM,LJP5,72,hr,1401,1428,4245,0.3376,0.0123
50057-3,SK-BR-3,10021-101-1,Tozasertib,10,uM,LJP5,72,hr,1401,1562,4245,0.3690,0.0702
50057-3,SK-BR-3,10023-103-1,Imatinib,0.04,uM,LJP6,72,hr,1401,4418,4168,1.0591,1.0734
50057-3,SK-BR-3,10023-103-1,Imatinib,0.12,uM,LJP6,72,hr,1401,4559,4168,1.0934,1.1167
50057-3,SK-BR-3,10023-103-1,Imatinib,0.37,uM,LJP6,72,hr,1401,4499,4168,1.0796,1.0996
50057-3,SK-BR-3,10023-103-1,Imatinib,1.11,uM,LJP6,72,hr,1401,4581,4168,1.0994,1.1246
50057-3,SK-BR-3,10023-103-1,Imatinib,3.33,uM,LJP6,72,hr,1401,4459,4168,1.0699,1.0881
50057-3,SK-BR-3,10023-103-1,Imatinib,10,uM,LJP6,72,hr,1401,4258,4168,1.0210,1.0261
50057-3,SK-BR-3,10024-101-1,NVP-TAE684,0.04,uM,LJP6,72,hr,1401,4262,4168,1.0220,1.0271
50057-3,SK-BR-3,10024-101-1,NVP-TAE684,0.12,uM,LJP6,72,hr,1401,4201,4168,1.0079,1.0101
50057-3,SK-BR-3,10024-101-1,NVP-TAE684,0.37,uM,LJP6,72,hr,1401,3927,4168,0.9420,0.9251
50057-3,SK-BR-3,10024-101-1,NVP-TAE684,1.11,uM,LJP6,72,hr,1401,3458,4168,0.8295,0.7753
50057-3,SK-BR-3,10024-101-1,NVP-TAE684,3.33,uM,LJP6,72,hr,1401,2443,4168,0.5857,0.4215
50057-3,SK-BR-3,10024-101-1,NVP-TAE684,10,uM,LJP6,72,hr,1401,870,4168,0.2092,-0.2623
50057-3,SK-BR-3,10025-101-1,CGP60474,0.04,uM,LJP5,72,hr,1401,4452,4245,1.0504,1.0644
50057-3,SK-BR-3,10025-101-1,CGP60474,0.04,uM,LJP6,72,hr,1401,1099,4168,0.2640,-0.1438
50057-3,SK-BR-3,10025-101-1,CGP60474,0.12,uM,LJP5,72,hr,1401,3015,4245,0.7101,0.6132
50057-3,SK-BR-3,10025-101-1,CGP60474,0.12,uM,LJP6,72,hr,1401,1013,4168,0.2432,-0.1864
50057-3,SK-BR-3,10025-101-1,CGP60474,0.37,uM,LJP5,72,hr,1401,1329,4245,0.3136,-0.0336
50057-3,SK-BR-3,10025-101-1,CGP60474,0.37,uM,LJP6,72,hr,1401,1081,4168,0.2594,-0.1524
50057-3,SK-BR-3,10025-101-1,CGP60474,1.11,uM,LJP5,72,hr,1401,1231,4245,0.2920,-0.0769
50057-3,SK-BR-3,10025-101-1,CGP60474,1.11,uM,LJP6,72,hr,1401,934,4168,0.2242,-0.2274
50057-3,SK-BR-3,10025-101-1,CGP60474,3.33,uM,LJP5,72,hr,1401,1086,4245,0.2561,-0.1492
50057-3,SK-BR-3,10025-101-1,CGP60474,3.33,uM,LJP6,72,hr,1401,809,4168,0.1942,-0.2949
50057-3,SK-BR-3,10025-101-1,CGP60474,10,uM,LJP5,72,hr,1401,1063,4245,0.2506,-0.1615
50057-3,SK-BR-3,10025-101-1,CGP60474,10,uM,LJP6,72,hr,1401,696,4168,0.1674,-0.3605
50057-3,SK-BR-3,10026-101-1,PD173074,0.04,uM,LJP6,72,hr,1401,4426,4168,1.0614,1.0766
50057-3,SK-BR-3,10026-101-1,PD173074,0.12,uM,LJP6,72,hr,1401,4239,4168,1.0170,1.0215
50057-3,SK-BR-3,10026-101-1,PD173074,0.37,uM,LJP6,72,hr,1401,4279,4168,1.0268,1.0330
50057-3,SK-BR-3,10026-101-1,PD173074,1.11,uM,LJP6,72,hr,1401,4453,4168,1.0696,1.0874
50057-3,SK-BR-3,10026-101-1,PD173074,3.33,uM,LJP6,72,hr,1401,4313,4168,1.0368,1.0452
50057-3,SK-BR-3,10026-101-1,PD173074,10,uM,LJP6,72,hr,1401,2324,4168,0.5576,0.3794
50057-3,SK-BR-3,10027-101-1,Crizotinib,0.04,uM,LJP5,72,hr,1401,3728,4245,0.8792,0.8459
50057-3,SK-BR-3,10027-101-1,Crizotinib,0.12,uM,LJP5,72,hr,1401,3970,4245,0.9346,0.9163
50057-3,SK-BR-3,10027-101-1,Crizotinib,0.37,uM,LJP5,72,hr,1401,3954,4245,0.9318,0.9135
50057-3,SK-BR-3,10027-101-1,Crizotinib,1.11,uM,LJP5,72,hr,1401,3386,4245,0.7956,0.7298
50057-3,SK-BR-3,10027-101-1,Crizotinib,3.33,uM,LJP5,72,hr,1401,2431,4245,0.5729,0.4101
50057-3,SK-BR-3,10027-101-1,Crizotinib,10,uM,LJP5,72,hr,1401,1239,4245,0.2904,-0.0808
50057-3,SK-BR-3,10028-102-1,BMS345541,0.04,uM,LJP6,72,hr,1401,4336,4168,1.0409,1.0521
50057-3,SK-BR-3,10028-102-1,BMS345541,0.12,uM,LJP6,72,hr,1401,4153,4168,0.9958,0.9940
50057-3,SK-BR-3,10028-102-1,BMS345541,0.37,uM,LJP6,72,hr,1401,3697,4168,0.8865,0.8518
50057-3,SK-BR-3,10028-102-1,BMS345541,1.11,uM,LJP6,72,hr,1401,3166,4168,0.7593,0.6782
50057-3,SK-BR-3,10028-102-1,BMS345541,3.33,uM,LJP6,72,hr,1401,2205,4168,0.5282,0.3313
50057-3,SK-BR-3,10028-102-1,BMS345541,10,uM,LJP6,72,hr,1401,766,4168,0.1838,-0.3194
50057-3,SK-BR-3,10031-101-1,KIN001-043,0.04,uM,LJP6,72,hr,1401,4174,4168,1.0021,1.0030
50057-3,SK-BR-3,10031-101-1,KIN001-043,0.12,uM,LJP6,72,hr,1401,3926,4168,0.9418,0.9250
50057-3,SK-BR-3,10031-101-1,KIN001-043,0.37,uM,LJP6,72,hr,1401,3311,4168,0.7944,0.7278
50057-3,SK-BR-3,10031-101-1,KIN001-043,1.11,uM,LJP6,72,hr,1401,3301,4168,0.7926,0.7236
50057-3,SK-BR-3,10031-101-1,KIN001-043,3.33,uM,LJP6,72,hr,1401,3438,4168,0.8261,0.7709
50057-3,SK-BR-3,10031-101-1,KIN001-043,10,uM,LJP6,72,hr,1401,2362,4168,0.5671,0.3941
50057-3,SK-BR-3,10032-101-1,Saracatinib,0.04,uM,LJP6,72,hr,1401,4391,4168,1.0534,1.0672
50057-3,SK-BR-3,10032-101-1,Saracatinib,0.12,uM,LJP6,72,hr,1401,4520,4168,1.0838,1.1042
50057-3,SK-BR-3,10032-101-1,Saracatinib,0.37,uM,LJP6,72,hr,1401,4069,4168,0.9767,0.9705
50057-3,SK-BR-3,10032-101-1,Saracatinib,1.11,uM,LJP6,72,hr,1401,4181,4168,1.0029,1.0035
50057-3,SK-BR-3,10032-101-1,Saracatinib,3.33,uM,LJP6,72,hr,1401,3617,4168,0.8680,0.8278
50057-3,SK-BR-3,10032-101-1,Saracatinib,10,uM,LJP6,72,hr,1401,2100,4168,0.5045,0.2937
50057-3,SK-BR-3,10035-101-1,Sigma A6730,0.04,uM,LJP5,72,hr,1401,3699,4245,0.8708,0.8330
50057-3,SK-BR-3,10035-101-1,Sigma A6730,0.12,uM,LJP5,72,hr,1401,3636,4245,0.8565,0.8148
50057-3,SK-BR-3,10035-101-1,Sigma A6730,0.37,uM,LJP5,72,hr,1401,3559,4245,0.8377,0.7890
50057-3,SK-BR-3,10035-101-1,Sigma A6730,1.11,uM,LJP5,72,hr,1401,3242,4245,0.7652,0.6920
50057-3,SK-BR-3,10035-101-1,Sigma A6730,3.33,uM,LJP5,72,hr,1401,3054,4245,0.7192,0.6261
50057-3,SK-BR-3,10035-101-1,Sigma A6730,10,uM,LJP5,72,hr,1401,2259,4245,0.5317,0.3451
50057-3,SK-BR-3,10039-101-1,WH-4-025,0.04,uM,LJP5,72,hr,1401,4737,4245,1.1201,1.1513
50057-3,SK-BR-3,10039-101-1,WH-4-025,0.12,uM,LJP5,72,hr,1401,4448,4245,1.0518,1.0678
50057-3,SK-BR-3,10039-101-1,WH-4-025,0.37,uM,LJP5,72,hr,1401,3382,4245,0.8013,0.6736
50057-3,SK-BR-3,10039-101-1,WH-4-025,1.11,uM,LJP5,72,hr,1401,4406,4245,1.0452,1.0604
50057-3,SK-BR-3,10039-101-1,WH-4-025,3.33,uM,LJP5,72,hr,1401,4040,4245,0.9601,0.9525
50057-3,SK-BR-3,10039-101-1,WH-4-025,10,uM,LJP5,72,hr,1401,1181,4245,0.2807,-0.1002
50057-3,SK-BR-3,10040-101-1,R406,0.04,uM,LJP6,72,hr,1401,3936,4168,0.9448,0.9292
50057-3,SK-BR-3,10040-101-1,R406,0.12,uM,LJP6,72,hr,1401,4060,4168,0.9743,0.9673
50057-3,SK-BR-3,10040-101-1,R406,0.37,uM,LJP6,72,hr,1401,4112,4168,0.9874,0.9843
50057-3,SK-BR-3,10040-101-1,R406,1.11,uM,LJP6,72,hr,1401,4454,4168,1.0686,1.0863
50057-3,SK-BR-3,10040-101-1,R406,3.33,uM,LJP6,72,hr,1401,4528,4168,1.0876,1.1099
50057-3,SK-BR-3,10040-101-1,R406,10,uM,LJP6,72,hr,1401,3034,4168,0.7279,0.6342
50057-3,SK-BR-3,10041-101-1,BI-2536,0.04,uM,LJP6,72,hr,1401,1352,4168,0.3243,-0.0230
50057-3,SK-BR-3,10041-101-1,BI-2536,0.12,uM,LJP6,72,hr,1401,1253,4168,0.3010,-0.0683
50057-3,SK-BR-3,10041-101-1,BI-2536,0.37,uM,LJP6,72,hr,1401,1380,4168,0.3313,-0.0099
50057-3,SK-BR-3,10041-101-1,BI-2536,1.11,uM,LJP6,72,hr,1401,1232,4168,0.2956,-0.0789
50057-3,SK-BR-3,10041-101-1,BI-2536,3.33,uM,LJP6,72,hr,1401,1282,4168,0.3077,-0.0551
50057-3,SK-BR-3,10041-101-1,BI-2536,10,uM,LJP6,72,hr,1401,1208,4168,0.2897,-0.0928
50057-3,SK-BR-3,10045-101-1,A443654,0.04,uM,LJP6,72,hr,1401,1914,4168,0.4595,0.2194
50057-3,SK-BR-3,10045-101-1,A443654,0.12,uM,LJP6,72,hr,1401,1287,4168,0.3092,-0.0525
50057-3,SK-BR-3,10045-101-1,A443654,0.37,uM,LJP6,72,hr,1401,1178,4168,0.2831,-0.1043
50057-3,SK-BR-3,10045-101-1,A443654,1.11,uM,LJP6,72,hr,1401,1103,4168,0.2643,-0.1425
50057-3,SK-BR-3,10045-101-1,A443654,3.33,uM,LJP6,72,hr,1401,984,4168,0.2361,-0.2020
50057-3,SK-BR-3,10045-101-1,A443654,10,uM,LJP6,72,hr,1401,931,4168,0.2232,-0.2301
50057-3,SK-BR-3,10046-101-1,SB590885,0.04,uM,LJP5,72,hr,1401,4804,4245,1.1362,1.1710
50057-3,SK-BR-3,10046-101-1,SB590885,0.12,uM,LJP5,72,hr,1401,4604,4245,1.0840,1.1029
50057-3,SK-BR-3,10046-101-1,SB590885,0.37,uM,LJP5,72,hr,1401,4685,4245,1.1047,1.1302
50057-3,SK-BR-3,10046-101-1,SB590885,1.11,uM,LJP5,72,hr,1401,4714,4245,1.1121,1.1397
50057-3,SK-BR-3,10046-101-1,SB590885,3.33,uM,LJP5,72,hr,1401,4570,4245,1.0746,1.0901
50057-3,SK-BR-3,10046-101-1,SB590885,10,uM,LJP5,72,hr,1401,840,4245,0.1990,-0.2743
50057-3,SK-BR-3,10047-101-1,Pictilisib,0.04,uM,LJP6,72,hr,1401,2664,4168,0.6400,0.5051
50057-3,SK-BR-3,10047-101-1,Pictilisib,0.12,uM,LJP6,72,hr,1401,2262,4168,0.5425,0.3551
50057-3,SK-BR-3,10047-101-1,Pictilisib,0.37,uM,LJP6,72,hr,1401,1864,4168,0.4475,0.1990
50057-3,SK-BR-3,10047-101-1,Pictilisib,1.11,uM,LJP6,72,hr,1401,1695,4168,0.4069,0.1286
50057-3,SK-BR-3,10047-101-1,Pictilisib,3.33,uM,LJP6,72,hr,1401,1576,4168,0.3780,0.0772
50057-3,SK-BR-3,10047-101-1,Pictilisib,10,uM,LJP6,72,hr,1401,1496,4168,0.3588,0.0417
50057-3,SK-BR-3,10048-101-1,PD184352,0.04,uM,LJP5,72,hr,1401,4357,4245,1.0259,1.0315
50057-3,SK-BR-3,10048-101-1,PD184352,0.12,uM,LJP5,72,hr,1401,4570,4245,1.0784,1.0989
50057-3,SK-BR-3,10048-101-1,PD184352,0.37,uM,LJP5,72,hr,1401,4471,4245,1.0526,1.0647
50057-3,SK-BR-3,10048-101-1,PD184352,1.11,uM,LJP5,72,hr,1401,4402,4245,1.0376,1.0476
50057-3,SK-BR-3,10048-101-1,PD184352,3.33,uM,LJP5,72,hr,1401,4447,4245,1.0482,1.0601
50057-3,SK-BR-3,10048-101-1,PD184352,10,uM,LJP5,72,hr,1401,3210,4245,0.7575,0.6813
50057-3,SK-BR-3,10049-101-1,PLX-4720,0.04,uM,LJP5,72,hr,1401,4213,4245,0.9946,0.9951
50057-3,SK-BR-3,10049-101-1,PLX-4720,0.12,uM,LJP5,72,hr,1401,4352,4245,1.0239,1.0280
50057-3,SK-BR-3,10049-101-1,PLX-4720,0.37,uM,LJP5,72,hr,1401,3863,4245,0.9070,0.8753
50057-3,SK-BR-3,10049-101-1,PLX-4720,1.11,uM,LJP5,72,hr,1401,4204,4245,0.9901,0.9875
50057-3,SK-BR-3,10049-101-1,PLX-4720,3.33,uM,LJP5,72,hr,1401,3476,4245,0.8069,0.7202
50057-3,SK-BR-3,10049-101-1,PLX-4720,10,uM,LJP5,72,hr,1401,2797,4245,0.6511,0.5112
50057-3,SK-BR-3,10051-104-1,Lapatinib,0.04,uM,LJP6,72,hr,1401,1652,4168,0.3963,0.1097
50057-3,SK-BR-3,10051-104-1,Lapatinib,0.12,uM,LJP6,72,hr,1401,1499,4168,0.3598,0.0436
50057-3,SK-BR-3,10051-104-1,Lapatinib,0.37,uM,LJP6,72,hr,1401,1555,4168,0.3734,0.0682
50057-3,SK-BR-3,10051-104-1,Lapatinib,1.11,uM,LJP6,72,hr,1401,1574,4168,0.3780,0.0767
50057-3,SK-BR-3,10051-104-1,Lapatinib,3.33,uM,LJP6,72,hr,1401,1669,4168,0.4005,0.1173
50057-3,SK-BR-3,10051-104-1,Lapatinib,10,uM,LJP6,72,hr,1401,1796,4168,0.4309,0.1684
50057-3,SK-BR-3,10052-101-1,Sirolimus,0.04,uM,LJP6,72,hr,1401,2753,4168,0.6604,0.5360
50057-3,SK-BR-3,10052-101-1,Sirolimus,0.12,uM,LJP6,72,hr,1401,2685,4168,0.6442,0.5119
50057-3,SK-BR-3,10052-101-1,Sirolimus,0.37,uM,LJP6,72,hr,1401,2786,4168,0.6681,0.5471
50057-3,SK-BR-3,10052-101-1,Sirolimus,1.11,uM,LJP6,72,hr,1401,2635,4168,0.6321,0.4938
50057-3,SK-BR-3,10052-101-1,Sirolimus,3.33,uM,LJP6,72,hr,1401,2546,4168,0.6104,0.4602
50057-3,SK-BR-3,10052-101-1,Sirolimus,10,uM,LJP6,72,hr,1401,2532,4168,0.6072,0.4554
50057-3,SK-BR-3,10053-101-1,ZSTK474,0.04,uM,LJP6,72,hr,1401,3262,4168,0.7821,0.7091
50057-3,SK-BR-3,10053-101-1,ZSTK474,0.12,uM,LJP6,72,hr,1401,2371,4168,0.5690,0.3973
50057-3,SK-BR-3,10053-101-1,ZSTK474,0.37,uM,LJP6,72,hr,1401,1958,4168,0.4696,0.2362
50057-3,SK-BR-3,10053-101-1,ZSTK474,1.11,uM,LJP6,72,hr,1401,1708,4168,0.4100,0.1342
50057-3,SK-BR-3,10053-101-1,ZSTK474,3.33,uM,LJP6,72,hr,1401,1645,4168,0.3949,0.1075
50057-3,SK-BR-3,10053-101-1,ZSTK474,10,uM,LJP6,72,hr,1401,1564,4168,0.3751,0.0716
50057-3,SK-BR-3,10055-101-1,BX-912,0.04,uM,LJP5,72,hr,1401,3599,4245,0.8492,0.8063
50057-3,SK-BR-3,10055-101-1,BX-912,0.12,uM,LJP5,72,hr,1401,3127,4245,0.7368,0.6514
50057-3,SK-BR-3,10055-101-1,BX-912,0.37,uM,LJP5,72,hr,1401,1423,4245,0.3362,0.0096
50057-3,SK-BR-3,10055-101-1,BX-912,1.11,uM,LJP5,72,hr,1401,1438,4245,0.3393,0.0155
50057-3,SK-BR-3,10055-101-1,BX-912,3.33,uM,LJP5,72,hr,1401,1423,4245,0.3361,0.0095
50057-3,SK-BR-3,10055-101-1,BX-912,10,uM,LJP5,72,hr,1401,1404,4245,0.3316,0.0009
50057-3,SK-BR-3,10056-101-1,Selumetinib,0.04,uM,LJP6,72,hr,1401,4622,4168,1.1095,1.1372
50057-3,SK-BR-3,10056-101-1,Selumetinib,0.12,uM,LJP6,72,hr,1401,4317,4168,1.0357,1.0453
50057-3,SK-BR-3,10056-101-1,Selumetinib,0.37,uM,LJP6,72,hr,1401,4343,4168,1.0418,1.0521
50057-3,SK-BR-3,10056-101-1,Selumetinib,1.11,uM,LJP6,72,hr,1401,4047,4168,0.9706,0.9620
50057-3,SK-BR-3,10056-101-1,Selumetinib,3.33,uM,LJP6,72,hr,1401,4365,4168,1.0469,1.0583
50057-3,SK-BR-3,10056-101-1,Selumetinib,10,uM,LJP6,72,hr,1401,4192,4168,1.0065,1.0081
50057-3,SK-BR-3,10057-102-1,MK2206,0.04,uM,LJP6,72,hr,1401,3077,4168,0.7383,0.6486
50057-3,SK-BR-3,10057-102-1,MK2206,0.12,uM,LJP6,72,hr,1401,2820,4168,0.6764,0.5596
50057-3,SK-BR-3,10057-102-1,MK2206,0.37,uM,LJP6,72,hr,1401,2683,4168,0.6437,0.5110
50057-3,SK-BR-3,10057-102-1,MK2206,1.11,uM,LJP6,72,hr,1401,2472,4168,0.5931,0.4346
50057-3,SK-BR-3,10057-102-1,MK2206,3.33,uM,LJP6,72,hr,1401,2185,4168,0.5243,0.3263
50057-3,SK-BR-3,10057-102-1,MK2206,10,uM,LJP6,72,hr,1401,1297,4168,0.3113,-0.0480
50057-3,SK-BR-3,10059-101-1,AZD-6482,0.04,uM,LJP5,72,hr,1401,4191,4245,0.9876,0.9847
50057-3,SK-BR-3,10059-101-1,AZD-6482,0.12,uM,LJP5,72,hr,1401,3738,4245,0.8802,0.8459
50057-3,SK-BR-3,10059-101-1,AZD-6482,0.37,uM,LJP5,72,hr,1401,3999,4245,0.9415,0.9236
50057-3,SK-BR-3,10059-101-1,AZD-6482,1.11,uM,LJP5,72,hr,1401,3566,4245,0.8390,0.7902
50057-3,SK-BR-3,10059-101-1,AZD-6482,3.33,uM,LJP5,72,hr,1401,2731,4245,0.6346,0.4815
50057-3,SK-BR-3,10059-101-1,AZD-6482,10,uM,LJP5,72,hr,1401,1710,4245,0.3994,0.1166
50057-3,SK-BR-3,10061-101-1,NU7441,0.04,uM,LJP5,72,hr,1401,4400,4245,1.0401,1.0532
50057-3,SK-BR-3,10061-101-1,NU7441,0.12,uM,LJP5,72,hr,1401,3973,4245,0.9416,0.9294
50057-3,SK-BR-3,10061-101-1,NU7441,0.37,uM,LJP5,72,hr,1401,3992,4245,0.9474,0.9368
50057-3,SK-BR-3,10061-101-1,NU7441,1.11,uM,LJP5,72,hr,1401,3859,4245,0.9091,0.8840
50057-3,SK-BR-3,10061-101-1,NU7441,3.33,uM,LJP5,72,hr,1401,3277,4245,0.7780,0.7103
50057-3,SK-BR-3,10061-101-1,NU7441,10,uM,LJP5,72,hr,1401,1805,4245,0.4260,0.1714
50057-3,SK-BR-3,10063-102-1,OSI-027,0.04,uM,LJP6,72,hr,1401,3017,4168,0.7239,0.6285
50057-3,SK-BR-3,10063-102-1,OSI-027,0.12,uM,LJP6,72,hr,1401,1996,4168,0.4794,0.2520
50057-3,SK-BR-3,10063-102-1,OSI-027,0.37,uM,LJP6,72,hr,1401,1826,4168,0.4382,0.1826
50057-3,SK-BR-3,10063-102-1,OSI-027,1.11,uM,LJP6,72,hr,1401,1700,4168,0.4079,0.1297
50057-3,SK-BR-3,10063-102-1,OSI-027,3.33,uM,LJP6,72,hr,1401,1673,4168,0.4016,0.1176
50057-3,SK-BR-3,10063-102-1,OSI-027,10,uM,LJP6,72,hr,1401,1658,4168,0.3980,0.1131
50057-3,SK-BR-3,10064-101-1,WYE-125132,0.04,uM,LJP6,72,hr,1401,1663,4168,0.3987,0.1139
50057-3,SK-BR-3,10064-101-1,WYE-125132,0.12,uM,LJP6,72,hr,1401,1649,4168,0.3954,0.1083
50057-3,SK-BR-3,10064-101-1,WYE-125132,0.37,uM,LJP6,72,hr,1401,1741,4168,0.4176,0.1476
50057-3,SK-BR-3,10064-101-1,WYE-125132,1.11,uM,LJP6,72,hr,1401,1615,4168,0.3874,0.0940
50057-3,SK-BR-3,10064-101-1,WYE-125132,3.33,uM,LJP6,72,hr,1401,1571,4168,0.3770,0.0753
50057-3,SK-BR-3,10064-101-1,WYE-125132,10,uM,LJP6,72,hr,1401,1467,4168,0.3524,0.0296
50057-3,SK-BR-3,10067-101-1,Barasertib,0.04,uM,LJP5,72,hr,1401,1447,4245,0.3420,0.0205
50057-3,SK-BR-3,10067-101-1,Barasertib,0.12,uM,LJP5,72,hr,1401,1398,4245,0.3304,-0.0026
50057-3,SK-BR-3,10067-101-1,Barasertib,0.37,uM,LJP5,72,hr,1401,1290,4245,0.3057,-0.0495
50057-3,SK-BR-3,10067-101-1,Barasertib,1.11,uM,LJP5,72,hr,1401,1403,4245,0.3314,0.0006
50057-3,SK-BR-3,10067-101-1,Barasertib,3.33,uM,LJP5,72,hr,1401,1375,4245,0.3255,-0.0108
50057-3,SK-BR-3,10067-101-1,Barasertib,10,uM,LJP5,72,hr,1401,1426,4245,0.3370,0.0111
50057-3,SK-BR-3,10068-101-1,Vemurafenib,0.04,uM,LJP5,72,hr,1401,4553,4245,1.0737,1.0925
50057-3,SK-BR-3,10068-101-1,Vemurafenib,0.12,uM,LJP5,72,hr,1401,4341,4245,1.0247,1.0323
50057-3,SK-BR-3,10068-101-1,Vemurafenib,0.37,uM,LJP5,72,hr,1401,4175,4245,0.9845,0.9807
50057-3,SK-BR-3,10068-101-1,Vemurafenib,1.11,uM,LJP5,72,hr,1401,4131,4245,0.9758,0.9716
50057-3,SK-BR-3,10068-101-1,Vemurafenib,3.33,uM,LJP5,72,hr,1401,3883,4245,0.9215,0.9020
50057-3,SK-BR-3,10068-101-1,Vemurafenib,10,uM,LJP5,72,hr,1401,3594,4245,0.8528,0.8126
50057-3,SK-BR-3,10069-101-1,Enzastaurin,0.04,uM,LJP5,72,hr,1401,4260,4245,1.0049,1.0073
50057-3,SK-BR-3,10069-101-1,Enzastaurin,0.12,uM,LJP5,72,hr,1401,4234,4245,1.0001,1.0022
50057-3,SK-BR-3,10069-101-1,Enzastaurin,0.37,uM,LJP5,72,hr,1401,4602,4245,1.0878,1.1104
50057-3,SK-BR-3,10069-101-1,Enzastaurin,1.11,uM,LJP5,72,hr,1401,4411,4245,1.0400,1.0507
50057-3,SK-BR-3,10069-101-1,Enzastaurin,3.33,uM,LJP5,72,hr,1401,4584,4245,1.0808,1.1009
50057-3,SK-BR-3,10069-101-1,Enzastaurin,10,uM,LJP5,72,hr,1401,4209,4245,0.9920,0.9906
50057-3,SK-BR-3,10071-101-1,Palbociclib,0.04,uM,LJP6,72,hr,1401,3204,4168,0.7688,0.6916
50057-3,SK-BR-3,10071-101-1,Palbociclib,0.12,uM,LJP6,72,hr,1401,3081,4168,0.7391,0.6499
50057-3,SK-BR-3,10071-101-1,Palbociclib,0.37,uM,LJP6,72,hr,1401,2845,4168,0.6829,0.5693
50057-3,SK-BR-3,10071-101-1,Palbociclib,1.11,uM,LJP6,72,hr,1401,3028,4168,0.7270,0.6330
50057-3,SK-BR-3,10071-101-1,Palbociclib,3.33,uM,LJP6,72,hr,1401,2794,4168,0.6706,0.5513
50057-3,SK-BR-3,10071-101-1,Palbociclib,10,uM,LJP6,72,hr,1401,2791,4168,0.6690,0.5478
50057-3,SK-BR-3,10072-101-1,PF562271,0.04,uM,LJP6,72,hr,1401,4145,4168,0.9956,0.9947
50057-3,SK-BR-3,10072-101-1,PF562271,0.12,uM,LJP6,72,hr,1401,3764,4168,0.9031,0.8746
50057-3,SK-BR-3,10072-101-1,PF562271,0.37,uM,LJP6,72,hr,1401,2942,4168,0.7059,0.6027
50057-3,SK-BR-3,10072-101-1,PF562271,1.11,uM,LJP6,72,hr,1401,2006,4168,0.4817,0.2568
50057-3,SK-BR-3,10072-101-1,PF562271,3.33,uM,LJP6,72,hr,1401,1444,4168,0.3466,0.0194
50057-3,SK-BR-3,10072-101-1,PF562271,10,uM,LJP6,72,hr,1401,1199,4168,0.2874,-0.0955
50057-3,SK-BR-3,10073-101-1,PHA-793887,0.04,uM,LJP6,72,hr,1401,2158,4168,0.5181,0.3165
50057-3,SK-BR-3,10073-101-1,PHA-793887,0.12,uM,LJP6,72,hr,1401,1848,4168,0.4436,0.1926
50057-3,SK-BR-3,10073-101-1,PHA-793887,0.37,uM,LJP6,72,hr,1401,1597,4168,0.3834,0.0869
50057-3,SK-BR-3,10073-101-1,PHA-793887,1.11,uM,LJP6,72,hr,1401,1367,4168,0.3284,-0.0154
50057-3,SK-BR-3,10073-101-1,PHA-793887,3.33,uM,LJP6,72,hr,1401,1311,4168,0.3145,-0.0426
50057-3,SK-BR-3,10073-101-1,PHA-793887,10,uM,LJP6,72,hr,1401,1099,4168,0.2645,-0.1445
50057-3,SK-BR-3,10075-101-1,QL-X-138,0.04,uM,LJP6,72,hr,1401,3057,4168,0.7342,0.6427
50057-3,SK-BR-3,10075-101-1,QL-X-138,0.12,uM,LJP6,72,hr,1401,2765,4168,0.6631,0.5397
50057-3,SK-BR-3,10075-101-1,QL-X-138,0.37,uM,LJP6,72,hr,1401,2319,4168,0.5565,0.3778
50057-3,SK-BR-3,10075-101-1,QL-X-138,1.11,uM,LJP6,72,hr,1401,1913,4168,0.4591,0.2190
50057-3,SK-BR-3,10075-101-1,QL-X-138,3.33,uM,LJP6,72,hr,1401,1775,4168,0.4253,0.1599
50057-3,SK-BR-3,10075-101-1,QL-X-138,10,uM,LJP6,72,hr,1401,1228,4168,0.2947,-0.0808
50057-3,SK-BR-3,10077-101-1,QL-XII-47,0.04,uM,LJP6,72,hr,1401,2706,4168,0.6492,0.5192
50057-3,SK-BR-3,10077-101-1,QL-XII-47,0.12,uM,LJP6,72,hr,1401,2306,4168,0.5537,0.3728
50057-3,SK-BR-3,10077-101-1,QL-XII-47,0.37,uM,LJP6,72,hr,1401,2085,4168,0.5005,0.2878
50057-3,SK-BR-3,10077-101-1,QL-XII-47,1.11,uM,LJP6,72,hr,1401,1523,4168,0.3660,0.0548
50057-3,SK-BR-3,10077-101-1,QL-XII-47,3.33,uM,LJP6,72,hr,1401,1266,4168,0.3036,-0.0639
50057-3,SK-BR-3,10077-101-1,QL-XII-47,10,uM,LJP6,72,hr,1401,1099,4168,0.2636,-0.1439
50057-3,SK-BR-3,10079-101-1,Torin1,0.04,uM,LJP6,72,hr,1401,1894,4168,0.4545,0.2111
50057-3,SK-BR-3,10079-101-1,Torin1,0.12,uM,LJP6,72,hr,1401,1724,4168,0.4137,0.1409
50057-3,SK-BR-3,10079-101-1,Torin1,0.37,uM,LJP6,72,hr,1401,1536,4168,0.3687,0.0601
50057-3,SK-BR-3,10079-101-1,Torin1,1.11,uM,LJP6,72,hr,1401,1512,4168,0.3631,0.0499
50057-3,SK-BR-3,10079-101-1,Torin1,3.33,uM,LJP6,72,hr,1401,1400,4168,0.3357,-0.0014
50057-3,SK-BR-3,10079-101-1,Torin1,10,uM,LJP6,72,hr,1401,1306,4168,0.3138,-0.0436
50057-3,SK-BR-3,10080-101-1,Torin2,0.04,uM,LJP5,72,hr,1401,1283,4245,0.3016,-0.0579
50057-3,SK-BR-3,10080-101-1,Torin2,0.12,uM,LJP5,72,hr,1401,1310,4245,0.3094,-0.0423
50057-3,SK-BR-3,10080-101-1,Torin2,0.37,uM,LJP5,72,hr,1401,1242,4245,0.2925,-0.0758
50057-3,SK-BR-3,10080-101-1,Torin2,1.11,uM,LJP5,72,hr,1401,1188,4245,0.2807,-0.0984
50057-3,SK-BR-3,10080-101-1,Torin2,3.33,uM,LJP5,72,hr,1401,1064,4245,0.2511,-0.1593
50057-3,SK-BR-3,10080-101-1,Torin2,10,uM,LJP5,72,hr,1401,1047,4245,0.2457,-0.1714
50057-3,SK-BR-3,10082-101-1,WZ-4-145,0.04,uM,LJP6,72,hr,1401,2442,4168,0.5864,0.4243
50057-3,SK-BR-3,10082-101-1,WZ-4-145,0.12,uM,LJP6,72,hr,1401,2521,4168,0.6054,0.4533
50057-3,SK-BR-3,10082-101-1,WZ-4-145,0.37,uM,LJP6,72,hr,1401,2283,4168,0.5477,0.3638
50057-3,SK-BR-3,10082-101-1,WZ-4-145,1.11,uM,LJP6,72,hr,1401,2084,4168,0.4995,0.2849
50057-3,SK-BR-3,10082-101-1,WZ-4-145,3.33,uM,LJP6,72,hr,1401,1764,4168,0.4229,0.1560
50057-3,SK-BR-3,10082-101-1,WZ-4-145,10,uM,LJP6,72,hr,1401,1095,4168,0.2627,-0.1454
50057-3,SK-BR-3,10084-101-1,WZ3105,0.04,uM,LJP5,72,hr,1401,905,4245,0.2133,-0.2413
50057-3,SK-BR-3,10084-101-1,WZ3105,0.12,uM,LJP5,72,hr,1401,871,4245,0.2055,-0.2592
50057-3,SK-BR-3,10084-101-1,WZ3105,0.37,uM,LJP5,72,hr,1401,1023,4245,0.2423,-0.1784
50057-3,SK-BR-3,10084-101-1,WZ3105,1.11,uM,LJP5,72,hr,1401,945,4245,0.2231,-0.2192
50057-3,SK-BR-3,10084-101-1,WZ3105,3.33,uM,LJP5,72,hr,1401,957,4245,0.2251,-0.2150
50057-3,SK-BR-3,10084-101-1,WZ3105,10,uM,LJP5,72,hr,1401,992,4245,0.2328,-0.1990
50057-3,SK-BR-3,10086-101-1,XMD11-50,0.04,uM,LJP6,72,hr,1401,3750,4168,0.9000,0.8707
50057-3,SK-BR-3,10086-101-1,XMD11-50,0.12,uM,LJP6,72,hr,1401,3519,4168,0.8450,0.7969
50057-3,SK-BR-3,10086-101-1,XMD11-50,0.37,uM,LJP6,72,hr,1401,3374,4168,0.8095,0.7483
50057-3,SK-BR-3,10086-101-1,XMD11-50,1.11,uM,LJP6,72,hr,1401,3196,4168,0.7664,0.6883
50057-3,SK-BR-3,10086-101-1,XMD11-50,3.33,uM,LJP6,72,hr,1401,2775,4168,0.6656,0.5437
50057-3,SK-BR-3,10086-101-1,XMD11-50,10,uM,LJP6,72,hr,1401,1955,4168,0.4695,0.2358
50057-3,SK-BR-3,10087-101-1,XMD11-85h,0.04,uM,LJP6,72,hr,1401,3250,4168,0.7797,0.7069
50057-3,SK-BR-3,10087-101-1,XMD11-85h,0.12,uM,LJP6,72,hr,1401,3561,4168,0.8548,0.8103
50057-3,SK-BR-3,10087-101-1,XMD11-85h,0.37,uM,LJP6,72,hr,1401,3737,4168,0.8966,0.8657
50057-3,SK-BR-3,10087-101-1,XMD11-85h,1.11,uM,LJP6,72,hr,1401,3704,4168,0.8887,0.8554
50057-3,SK-BR-3,10087-101-1,XMD11-85h,3.33,uM,LJP6,72,hr,1401,3772,4168,0.9055,0.8773
50057-3,SK-BR-3,10087-101-1,XMD11-85h,10,uM,LJP6,72,hr,1401,3243,4168,0.7784,0.7055
50057-3,SK-BR-3,10091-101-1,XMD16-144,0.04,uM,LJP5,72,hr,1401,1628,4245,0.3857,0.1000
50057-3,SK-BR-3,10091-101-1,XMD16-144,0.12,uM,LJP5,72,hr,1401,1590,4245,0.3774,0.0848
50057-3,SK-BR-3,10091-101-1,XMD16-144,0.37,uM,LJP5,72,hr,1401,1585,4245,0.3759,0.0824
50057-3,SK-BR-3,10091-101-1,XMD16-144,1.11,uM,LJP5,72,hr,1401,1666,4245,0.3951,0.1168
50057-3,SK-BR-3,10091-101-1,XMD16-144,3.33,uM,LJP5,72,hr,1401,1623,4245,0.3851,0.0984
50057-3,SK-BR-3,10091-101-1,XMD16-144,10,uM,LJP5,72,hr,1401,1171,4245,0.2773,-0.1057
50057-3,SK-BR-3,10097-101-1,Erlotinib,0.04,uM,LJP5,72,hr,1401,3713,4245,0.8770,0.8439
50057-3,SK-BR-3,10097-101-1,Erlotinib,0.12,uM,LJP5,72,hr,1401,3908,4245,0.9210,0.8999
50057-3,SK-BR-3,10097-101-1,Erlotinib,0.37,uM,LJP5,72,hr,1401,4054,4245,0.9551,0.9433
50057-3,SK-BR-3,10097-101-1,Erlotinib,1.11,uM,LJP5,72,hr,1401,4073,4245,0.9577,0.9445
50057-3,SK-BR-3,10097-101-1,Erlotinib,3.33,uM,LJP5,72,hr,1401,3721,4245,0.8766,0.8413
50057-3,SK-BR-3,10097-101-1,Erlotinib,10,uM,LJP5,72,hr,1401,2060,4245,0.4850,0.2696
50057-3,SK-BR-3,10098-101-1,Gefitinib,0.04,uM,LJP6,72,hr,1401,4048,4168,0.9709,0.9624
50057-3,SK-BR-3,10098-101-1,Gefitinib,0.12,uM,LJP6,72,hr,1401,3569,4168,0.8565,0.8122
50057-3,SK-BR-3,10098-101-1,Gefitinib,0.37,uM,LJP6,72,hr,1401,3093,4168,0.7421,0.6540
50057-3,SK-BR-3,10098-101-1,Gefitinib,1.11,uM,LJP6,72,hr,1401,2742,4168,0.6578,0.5322
50057-3,SK-BR-3,10098-101-1,Gefitinib,3.33,uM,LJP6,72,hr,1401,2599,4168,0.6233,0.4803
50057-3,SK-BR-3,10098-101-1,Gefitinib,10,uM,LJP6,72,hr,1401,1771,4168,0.4252,0.1607
50057-3,SK-BR-3,10099-101-1,Nilotinib,0.04,uM,LJP5,72,hr,1401,4725,4245,1.1140,1.1414
50057-3,SK-BR-3,10099-101-1,Nilotinib,0.12,uM,LJP5,72,hr,1401,4727,4245,1.1110,1.1335
50057-3,SK-BR-3,10099-101-1,Nilotinib,0.37,uM,LJP5,72,hr,1401,4822,4245,1.1351,1.1650
50057-3,SK-BR-3,10099-101-1,Nilotinib,1.11,uM,LJP5,72,hr,1401,4831,4245,1.1381,1.1695
50057-3,SK-BR-3,10099-101-1,Nilotinib,3.33,uM,LJP5,72,hr,1401,4741,4245,1.1176,1.1453
50057-3,SK-BR-3,10099-101-1,Nilotinib,10,uM,LJP5,72,hr,1401,2065,4245,0.4873,0.2740
50057-3,SK-BR-3,10100-101-1,JNK-9L,0.04,uM,LJP6,72,hr,1401,3296,4168,0.7910,0.7228
50057-3,SK-BR-3,10100-101-1,JNK-9L,0.12,uM,LJP6,72,hr,1401,3440,4168,0.8254,0.7701
50057-3,SK-BR-3,10100-101-1,JNK-9L,0.37,uM,LJP6,72,hr,1401,3306,4168,0.7936,0.7264
50057-3,SK-BR-3,10100-101-1,JNK-9L,1.11,uM,LJP6,72,hr,1401,1952,4168,0.4684,0.2344
50057-3,SK-BR-3,10100-101-1,JNK-9L,3.33,uM,LJP6,72,hr,1401,1163,4168,0.2791,-0.1122
50057-3,SK-BR-3,10100-101-1,JNK-9L,10,uM,LJP6,72,hr,1401,1193,4168,0.2862,-0.0976
50057-3,SK-BR-3,10101-101-1,PD0325901,0.04,uM,LJP5,72,hr,1401,4003,4245,0.9422,0.9259
50057-3,SK-BR-3,10101-101-1,PD0325901,0.04,uM,LJP6,72,hr,1401,4163,4168,0.9990,0.9987
50057-3,SK-BR-3,10101-101-1,PD0325901,0.12,uM,LJP5,72,hr,1401,3932,4245,0.9259,0.9054
50057-3,SK-BR-3,10101-101-1,PD0325901,0.12,uM,LJP6,72,hr,1401,3773,4168,0.9057,0.8778
50057-3,SK-BR-3,10101-101-1,PD0325901,0.37,uM,LJP5,72,hr,1401,4082,4245,0.9644,0.9574
50057-3,SK-BR-3,10101-101-1,PD0325901,0.37,uM,LJP6,72,hr,1401,3694,4168,0.8857,0.8493
50057-3,SK-BR-3,10101-101-1,PD0325901,1.11,uM,LJP5,72,hr,1401,3426,4245,0.7981,0.7106
50057-3,SK-BR-3,10101-101-1,PD0325901,1.11,uM,LJP6,72,hr,1401,3240,4168,0.7767,0.7020
50057-3,SK-BR-3,10101-101-1,PD0325901,3.33,uM,LJP5,72,hr,1401,2728,4245,0.6315,0.4648
50057-3,SK-BR-3,10101-101-1,PD0325901,3.33,uM,LJP6,72,hr,1401,2620,4168,0.6279,0.4848
50057-3,SK-BR-3,10101-101-1,PD0325901,10,uM,LJP5,72,hr,1401,2449,4245,0.5696,0.3852
50057-3,SK-BR-3,10101-101-1,PD0325901,10,uM,LJP6,72,hr,1401,2176,4168,0.5224,0.3200
50057-3,SK-BR-3,10108-101-1,Geldanamycin,0.04,uM,LJP5,72,hr,1401,1826,4245,0.4307,0.1794
50057-3,SK-BR-3,10108-101-1,Geldanamycin,0.04,uM,LJP6,72,hr,1401,1637,4168,0.3929,0.1038
50057-3,SK-BR-3,10108-101-1,Geldanamycin,0.12,uM,LJP5,72,hr,1401,1560,4245,0.3657,0.0619
50057-3,SK-BR-3,10108-101-1,Geldanamycin,0.12,uM,LJP6,72,hr,1401,1486,4168,0.3570,0.0385
50057-3,SK-BR-3,10108-101-1,Geldanamycin,0.37,uM,LJP5,72,hr,1401,1489,4245,0.3495,0.0325
50057-3,SK-BR-3,10108-101-1,Geldanamycin,0.37,uM,LJP6,72,hr,1401,1453,4168,0.3487,0.0230
50057-3,SK-BR-3,10108-101-1,Geldanamycin,1.11,uM,LJP5,72,hr,1401,1358,4245,0.3195,-0.0240
50057-3,SK-BR-3,10108-101-1,Geldanamycin,1.11,uM,LJP6,72,hr,1401,1420,4168,0.3410,0.0081
50057-3,SK-BR-3,10108-101-1,Geldanamycin,3.33,uM,LJP5,72,hr,1401,1064,4245,0.2481,-0.1724
50057-3,SK-BR-3,10108-101-1,Geldanamycin,3.33,uM,LJP6,72,hr,1401,1189,4168,0.2857,-0.0992
50057-3,SK-BR-3,10108-101-1,Geldanamycin,10,uM,LJP5,72,hr,1401,915,4245,0.2127,-0.2496
50057-3,SK-BR-3,10108-101-1,Geldanamycin,10,uM,LJP6,72,hr,1401,772,4168,0.1856,-0.3196
50057-3,SK-BR-3,10109-101-1,YM 201636,0.04,uM,LJP5,72,hr,1401,4814,4245,1.1359,1.1686
50057-3,SK-BR-3,10109-101-1,YM 201636,0.12,uM,LJP5,72,hr,1401,4446,4245,1.0463,1.0564
50057-3,SK-BR-3,10109-101-1,YM 201636,0.37,uM,LJP5,72,hr,1401,4604,4245,1.0849,1.1056
50057-3,SK-BR-3,10109-101-1,YM 201636,1.11,uM,LJP5,72,hr,1401,4080,4245,0.9627,0.9542
50057-3,SK-BR-3,10109-101-1,YM 201636,3.33,uM,LJP5,72,hr,1401,3632,4245,0.8563,0.8154
50057-3,SK-BR-3,10109-101-1,YM 201636,10,uM,LJP5,72,hr,1401,1942,4245,0.4570,0.2231
50057-3,SK-BR-3,10111-101-1,TWS119,0.04,uM,LJP5,72,hr,1401,4829,4245,1.1428,1.1791
50057-3,SK-BR-3,10111-101-1,TWS119,0.12,uM,LJP5,72,hr,1401,4472,4245,1.0530,1.0654
50057-3,SK-BR-3,10111-101-1,TWS119,0.37,uM,LJP5,72,hr,1401,4448,4245,1.0482,1.0605
50057-3,SK-BR-3,10111-101-1,TWS119,1.11,uM,LJP5,72,hr,1401,4225,4245,0.9920,0.9857
50057-3,SK-BR-3,10111-101-1,TWS119,3.33,uM,LJP5,72,hr,1401,3029,4245,0.7065,0.5855
50057-3,SK-BR-3,10111-101-1,TWS119,10,uM,LJP5,72,hr,1401,1527,4245,0.3542,0.0283
50057-3,SK-BR-3,10112-101-1,PF477736,0.04,uM,LJP5,72,hr,1401,1592,4245,0.3732,0.0754
50057-3,SK-BR-3,10112-101-1,PF477736,0.12,uM,LJP5,72,hr,1401,1277,4245,0.2995,-0.0623
50057-3,SK-BR-3,10112-101-1,PF477736,0.37,uM,LJP5,72,hr,1401,1325,4245,0.3114,-0.0384
50057-3,SK-BR-3,10112-101-1,PF477736,1.11,uM,LJP5,72,hr,1401,1271,4245,0.2984,-0.0641
50057-3,SK-BR-3,10112-101-1,PF477736,3.33,uM,LJP5,72,hr,1401,1146,4245,0.2708,-0.1186
50057-3,SK-BR-3,10112-101-1,PF477736,10,uM,LJP5,72,hr,1401,1190,4245,0.2803,-0.0998
50057-3,SK-BR-3,10115-102-1,LDN-193189,0.04,uM,LJP5,72,hr,1401,4952,4245,1.1690,1.2085
50057-3,SK-BR-3,10115-102-1,LDN-193189,0.12,uM,LJP5,72,hr,1401,4081,4245,0.9574,0.9402
50057-3,SK-BR-3,10115-102-1,LDN-193189,0.37,uM,LJP5,72,hr,1401,4428,4245,1.0447,1.0569
50057-3,SK-BR-3,10115-102-1,LDN-193189,1.11,uM,LJP5,72,hr,1401,4146,4245,0.9745,0.9650
50057-3,SK-BR-3,10115-102-1,LDN-193189,3.33,uM,LJP5,72,hr,1401,1026,4245,0.2352,-0.2188
50057-3,SK-BR-3,10115-102-1,LDN-193189,10,uM,LJP5,72,hr,1401,557,4245,0.1286,-0.4568
50057-3,SK-BR-3,10116-101-1,PF431396,0.04,uM,LJP5,72,hr,1401,4406,4245,1.0430,1.0574
50057-3,SK-BR-3,10116-101-1,PF431396,0.12,uM,LJP5,72,hr,1401,3284,4245,0.7780,0.7108
50057-3,SK-BR-3,10116-101-1,PF431396,0.37,uM,LJP5,72,hr,1401,2164,4245,0.5112,0.3136
50057-3,SK-BR-3,10116-101-1,PF431396,1.11,uM,LJP5,72,hr,1401,1659,4245,0.3932,0.1128
50057-3,SK-BR-3,10116-101-1,PF431396,3.33,uM,LJP5,72,hr,1401,1521,4245,0.3617,0.0551
50057-3,SK-BR-3,10116-101-1,PF431396,10,uM,LJP5,72,hr,1401,1345,4245,0.3189,-0.0245
50057-3,SK-BR-3,10117-101-1,Celastrol,0.04,uM,LJP6,72,hr,1401,3226,4168,0.7743,0.6998
50057-3,SK-BR-3,10117-101-1,Celastrol,0.12,uM,LJP6,72,hr,1401,3535,4168,0.8487,0.8001
50057-3,SK-BR-3,10117-101-1,Celastrol,0.37,uM,LJP6,72,hr,1401,1875,4168,0.4495,0.2011
50057-3,SK-BR-3,10117-101-1,Celastrol,1.11,uM,LJP6,72,hr,1401,1280,4168,0.3068,-0.0574
50057-3,SK-BR-3,10117-101-1,Celastrol,3.33,uM,LJP6,72,hr,1401,1162,4168,0.2790,-0.1123
50057-3,SK-BR-3,10117-101-1,Celastrol,10,uM,LJP6,72,hr,1401,1126,4168,0.2703,-0.1301
50057-3,SK-BR-3,10119-101-1,SU11274,0.04,uM,LJP5,72,hr,1401,4495,4245,1.0566,1.0667
50057-3,SK-BR-3,10119-101-1,SU11274,0.12,uM,LJP5,72,hr,1401,4255,4245,1.0006,0.9986
50057-3,SK-BR-3,10119-101-1,SU11274,0.37,uM,LJP5,72,hr,1401,4486,4245,1.0566,1.0702
50057-3,SK-BR-3,10119-101-1,SU11274,1.11,uM,LJP5,72,hr,1401,4034,4245,0.9491,0.9341
50057-3,SK-BR-3,10119-101-1,SU11274,3.33,uM,LJP5,72,hr,1401,3915,4245,0.9204,0.8961
50057-3,SK-BR-3,10119-101-1,SU11274,10,uM,LJP5,72,hr,1401,1480,4245,0.3491,0.0335
50057-3,SK-BR-3,10120-102-1,Canertinib,0.04,uM,LJP6,72,hr,1401,1885,4168,0.4520,0.2065
50057-3,SK-BR-3,10120-102-1,Canertinib,0.12,uM,LJP6,72,hr,1401,1687,4168,0.4049,0.1253
50057-3,SK-BR-3,10120-102-1,Canertinib,0.37,uM,LJP6,72,hr,1401,1608,4168,0.3864,0.0917
50057-3,SK-BR-3,10120-102-1,Canertinib,1.11,uM,LJP6,72,hr,1401,1498,4168,0.3593,0.0426
50057-3,SK-BR-3,10120-102-1,Canertinib,3.33,uM,LJP6,72,hr,1401,1395,4168,0.3346,-0.0033
50057-3,SK-BR-3,10120-102-1,Canertinib,10,uM,LJP6,72,hr,1401,1094,4168,0.2621,-0.1472
50057-3,SK-BR-3,10122-101-1,NVP-AEW541,0.04,uM,LJP5,72,hr,1401,4161,4245,0.9832,0.9810
50057-3,SK-BR-3,10122-101-1,NVP-AEW541,0.12,uM,LJP5,72,hr,1401,4053,4245,0.9574,0.9485
50057-3,SK-BR-3,10122-101-1,NVP-AEW541,0.37,uM,LJP5,72,hr,1401,3778,4245,0.8902,0.8595
50057-3,SK-BR-3,10122-101-1,NVP-AEW541,1.11,uM,LJP5,72,hr,1401,3922,4245,0.9230,0.9010
50057-3,SK-BR-3,10122-101-1,NVP-AEW541,3.33,uM,LJP5,72,hr,1401,3835,4245,0.9076,0.8849
50057-3,SK-BR-3,10122-101-1,NVP-AEW541,10,uM,LJP5,72,hr,1401,2434,4245,0.5755,0.4150
50057-3,SK-BR-3,10125-101-1,PHA-665752,0.04,uM,LJP5,72,hr,1401,4135,4245,0.9757,0.9709
50057-3,SK-BR-3,10125-101-1,PHA-665752,0.12,uM,LJP5,72,hr,1401,4358,4245,1.0277,1.0358
50057-3,SK-BR-3,10125-101-1,PHA-665752,0.37,uM,LJP5,72,hr,1401,4193,4245,0.9908,0.9910
50057-3,SK-BR-3,10125-101-1,PHA-665752,1.11,uM,LJP5,72,hr,1401,4388,4245,1.0329,1.0398
50057-3,SK-BR-3,10125-101-1,PHA-665752,3.33,uM,LJP5,72,hr,1401,3932,4245,0.9269,0.9077
50057-3,SK-BR-3,10125-101-1,PHA-665752,10,uM,LJP5,72,hr,1401,878,4245,0.2066,-0.2588
50057-3,SK-BR-3,10126-101-1,PI103,0.04,uM,LJP6,72,hr,1401,3693,4168,0.8855,0.8506
50057-3,SK-BR-3,10126-101-1,PI103,0.12,uM,LJP6,72,hr,1401,2604,4168,0.6234,0.4773
50057-3,SK-BR-3,10126-101-1,PI103,0.37,uM,LJP6,72,hr,1401,1778,4168,0.4263,0.1620
50057-3,SK-BR-3,10126-101-1,PI103,1.11,uM,LJP6,72,hr,1401,1506,4168,0.3613,0.0463
50057-3,SK-BR-3,10126-101-1,PI103,3.33,uM,LJP6,72,hr,1401,1484,4168,0.3558,0.0349
50057-3,SK-BR-3,10126-101-1,PI103,10,uM,LJP6,72,hr,1401,1348,4168,0.3236,-0.0243
50057-3,SK-BR-3,10127-101-1,Dovitinib,0.04,uM,LJP5,72,hr,1401,3691,4245,0.8719,0.8370
50057-3,SK-BR-3,10127-101-1,Dovitinib,0.12,uM,LJP5,72,hr,1401,3385,4245,0.7973,0.7346
50057-3,SK-BR-3,10127-101-1,Dovitinib,0.37,uM,LJP5,72,hr,1401,2533,4245,0.5962,0.4453
50057-3,SK-BR-3,10127-101-1,Dovitinib,1.11,uM,LJP5,72,hr,1401,2363,4245,0.5554,0.3816
50057-3,SK-BR-3,10127-101-1,Dovitinib,3.33,uM,LJP5,72,hr,1401,2108,4245,0.4980,0.2920
50057-3,SK-BR-3,10127-101-1,Dovitinib,10,uM,LJP5,72,hr,1401,1873,4245,0.4404,0.1946
50057-3,SK-BR-3,10128-101-1,GSK 690693,0.04,uM,LJP5,72,hr,1401,3111,4245,0.7340,0.6483
50057-3,SK-BR-3,10128-101-1,GSK 690693,0.12,uM,LJP5,72,hr,1401,2932,4245,0.6890,0.5811
50057-3,SK-BR-3,10128-101-1,GSK 690693,0.37,uM,LJP5,72,hr,1401,2938,4245,0.6969,0.5956
50057-3,SK-BR-3,10128-101-1,GSK 690693,1.11,uM,LJP5,72,hr,1401,2923,4245,0.6895,0.5848
50057-3,SK-BR-3,10128-101-1,GSK 690693,3.33,uM,LJP5,72,hr,1401,3080,4245,0.7259,0.6362
50057-3,SK-BR-3,10128-101-1,GSK 690693,10,uM,LJP5,72,hr,1401,3008,4245,0.7108,0.6154
50057-3,SK-BR-3,10132-101-1,SNS-032,0.04,uM,LJP6,72,hr,1401,2976,4168,0.7140,0.6135
50057-3,SK-BR-3,10132-101-1,SNS-032,0.12,uM,LJP6,72,hr,1401,1281,4168,0.3073,-0.0560
50057-3,SK-BR-3,10132-101-1,SNS-032,0.37,uM,LJP6,72,hr,1401,1121,4168,0.2691,-0.1322
50057-3,SK-BR-3,10132-101-1,SNS-032,1.11,uM,LJP6,72,hr,1401,1041,4168,0.2494,-0.1739
50057-3,SK-BR-3,10132-101-1,SNS-032,3.33,uM,LJP6,72,hr,1401,1120,4168,0.2688,-0.1329
50057-3,SK-BR-3,10132-101-1,SNS-032,10,uM,LJP6,72,hr,1401,1068,4168,0.2560,-0.1601
50057-3,SK-BR-3,10133-101-1,Afatinib,0.04,uM,LJP6,72,hr,1401,1437,4168,0.3450,0.0161
50057-3,SK-BR-3,10133-101-1,Afatinib,0.12,uM,LJP6,72,hr,1401,1416,4168,0.3400,0.0066
50057-3,SK-BR-3,10133-101-1,Afatinib,0.37,uM,LJP6,72,hr,1401,1401,4168,0.3365,-0.0001
50057-3,SK-BR-3,10133-101-1,Afatinib,1.11,uM,LJP6,72,hr,1401,1574,4168,0.3776,0.0762
50057-3,SK-BR-3,10133-101-1,Afatinib,3.33,uM,LJP6,72,hr,1401,1550,4168,0.3716,0.0641
50057-3,SK-BR-3,10133-101-1,Afatinib,10,uM,LJP6,72,hr,1401,1223,4168,0.2935,-0.0830
50057-3,SK-BR-3,10134-101-1,GSK1904529A,0.04,uM,LJP6,72,hr,1401,3338,4168,0.8011,0.7369
50057-3,SK-BR-3,10134-101-1,GSK1904529A,0.12,uM,LJP6,72,hr,1401,3770,4168,0.9037,0.8741
50057-3,SK-BR-3,10134-101-1,GSK1904529A,0.37,uM,LJP6,72,hr,1401,4046,4168,0.9707,0.9623
50057-3,SK-BR-3,10134-101-1,GSK1904529A,1.11,uM,LJP6,72,hr,1401,4113,4168,0.9868,0.9832
50057-3,SK-BR-3,10134-101-1,GSK1904529A,3.33,uM,LJP6,72,hr,1401,4252,4168,1.0200,1.0254
50057-3,SK-BR-3,10134-101-1,GSK1904529A,10,uM,LJP6,72,hr,1401,4299,4168,1.0319,1.0407
50057-3,SK-BR-3,10135-101-1,Linsitinib,0.04,uM,LJP5,72,hr,1401,3831,4245,0.9026,0.8757
50057-3,SK-BR-3,10135-101-1,Linsitinib,0.12,uM,LJP5,72,hr,1401,3872,4245,0.9103,0.8833
50057-3,SK-BR-3,10135-101-1,Linsitinib,0.37,uM,LJP5,72,hr,1401,3707,4245,0.8730,0.8365
50057-3,SK-BR-3,10135-101-1,Linsitinib,1.11,uM,LJP5,72,hr,1401,3545,4245,0.8337,0.7824
50057-3,SK-BR-3,10135-101-1,Linsitinib,3.33,uM,LJP5,72,hr,1401,3443,4245,0.8089,0.7481
50057-3,SK-BR-3,10135-101-1,Linsitinib,10,uM,LJP5,72,hr,1401,3075,4245,0.7234,0.6313
50057-3,SK-BR-3,10138-105-1,Ruxolitinib,0.04,uM,LJP5,72,hr,1401,4243,4245,0.9980,0.9959
50057-3,SK-BR-3,10138-105-1,Ruxolitinib,0.12,uM,LJP5,72,hr,1401,4244,4245,0.9994,0.9990
50057-3,SK-BR-3,10138-105-1,Ruxolitinib,0.37,uM,LJP5,72,hr,1401,4275,4245,1.0070,1.0083
50057-3,SK-BR-3,10138-105-1,Ruxolitinib,1.11,uM,LJP5,72,hr,1401,4115,4245,0.9708,0.9643
50057-3,SK-BR-3,10138-105-1,Ruxolitinib,3.33,uM,LJP5,72,hr,1401,4351,4245,1.0262,1.0335
50057-3,SK-BR-3,10138-105-1,Ruxolitinib,10,uM,LJP5,72,hr,1401,3908,4245,0.9232,0.9040
50057-3,SK-BR-3,10140-101-1,Momelotinib,0.04,uM,LJP5,72,hr,1401,4164,4245,0.9810,0.9762
50057-3,SK-BR-3,10140-101-1,Momelotinib,0.12,uM,LJP5,72,hr,1401,4144,4245,0.9762,0.9701
50057-3,SK-BR-3,10140-101-1,Momelotinib,0.37,uM,LJP5,72,hr,1401,3946,4245,0.9304,0.9123
50057-3,SK-BR-3,10140-101-1,Momelotinib,1.11,uM,LJP5,72,hr,1401,3527,4245,0.8315,0.7820
50057-3,SK-BR-3,10140-101-1,Momelotinib,3.33,uM,LJP5,72,hr,1401,2884,4245,0.6790,0.5679
50057-3,SK-BR-3,10140-101-1,Momelotinib,10,uM,LJP5,72,hr,1401,1632,4245,0.3846,0.0982
50057-3,SK-BR-3,10141-101-1,Fedratinib,0.04,uM,LJP5,72,hr,1401,4485,4245,1.0586,1.0748
50057-3,SK-BR-3,10141-101-1,Fedratinib,0.12,uM,LJP5,72,hr,1401,4226,4245,0.9954,0.9942
50057-3,SK-BR-3,10141-101-1,Fedratinib,0.37,uM,LJP5,72,hr,1401,3870,4245,0.9120,0.8880
50057-3,SK-BR-3,10141-101-1,Fedratinib,1.11,uM,LJP5,72,hr,1401,3441,4245,0.8119,0.7560
50057-3,SK-BR-3,10141-101-1,Fedratinib,3.33,uM,LJP5,72,hr,1401,2865,4245,0.6741,0.5607
50057-3,SK-BR-3,10141-101-1,Fedratinib,10,uM,LJP5,72,hr,1401,1116,4245,0.2622,-0.1372
50057-3,SK-BR-3,10142-101-1,Trametinib,0.04,uM,LJP5,72,hr,1401,3281,4245,0.7708,0.6957
50057-3,SK-BR-3,10142-101-1,Trametinib,0.12,uM,LJP5,72,hr,1401,3265,4245,0.7672,0.6913
50057-3,SK-BR-3,10142-101-1,Trametinib,0.37,uM,LJP5,72,hr,1401,3373,4245,0.7937,0.7290
50057-3,SK-BR-3,10142-101-1,Trametinib,1.11,uM,LJP5,72,hr,1401,3405,4245,0.7996,0.7349
50057-3,SK-BR-3,10142-101-1,Trametinib,3.33,uM,LJP5,72,hr,1401,3487,4245,0.8197,0.7633
50057-3,SK-BR-3,10142-101-1,Trametinib,10,uM,LJP5,72,hr,1401,3614,4245,0.8500,0.8045
50057-3,SK-BR-3,10146-101-1,Omipalisib,0.04,uM,LJP6,72,hr,1401,1406,4168,0.3373,0.0018
50057-3,SK-BR-3,10146-101-1,Omipalisib,0.12,uM,LJP6,72,hr,1401,1362,4168,0.3269,-0.0182
50057-3,SK-BR-3,10146-101-1,Omipalisib,0.37,uM,LJP6,72,hr,1401,1277,4168,0.3064,-0.0578
50057-3,SK-BR-3,10146-101-1,Omipalisib,1.11,uM,LJP6,72,hr,1401,1126,4168,0.2700,-0.1306
50057-3,SK-BR-3,10146-101-1,Omipalisib,3.33,uM,LJP6,72,hr,1401,924,4168,0.2214,-0.2343
50057-3,SK-BR-3,10146-101-1,Omipalisib,10,uM,LJP6,72,hr,1401,855,4168,0.2050,-0.2702
50057-3,SK-BR-3,10147-101-1,Buparlisib,0.04,uM,LJP5,72,hr,1401,3630,4245,0.8570,0.8164
50057-3,SK-BR-3,10147-101-1,Buparlisib,0.12,uM,LJP5,72,hr,1401,2767,4245,0.6535,0.5326
50057-3,SK-BR-3,10147-101-1,Buparlisib,0.37,uM,LJP5,72,hr,1401,1895,4245,0.4470,0.2069
50057-3,SK-BR-3,10147-101-1,Buparlisib,1.11,uM,LJP5,72,hr,1401,1278,4245,0.3015,-0.0575
50057-3,SK-BR-3,10147-101-1,Buparlisib,3.33,uM,LJP5,72,hr,1401,1053,4245,0.2477,-0.1666
50057-3,SK-BR-3,10147-101-1,Buparlisib,10,uM,LJP5,72,hr,1401,978,4245,0.2309,-0.2025
50057-3,SK-BR-3,10148-101-1,XL147,0.04,uM,LJP5,72,hr,1401,4661,4245,1.0997,1.1246
50057-3,SK-BR-3,10148-101-1,XL147,0.12,uM,LJP5,72,hr,1401,4821,4245,1.1409,1.1763
50057-3,SK-BR-3,10148-101-1,XL147,0.37,uM,LJP5,72,hr,1401,4686,4245,1.1119,1.1421
50057-3,SK-BR-3,10148-101-1,XL147,1.11,uM,LJP5,72,hr,1401,4944,4245,1.1686,1.2092
50057-3,SK-BR-3,10148-101-1,XL147,3.33,uM,LJP5,72,hr,1401,4818,4245,1.1412,1.1776
50057-3,SK-BR-3,10148-101-1,XL147,10,uM,LJP5,72,hr,1401,3703,4245,0.8749,0.8411
50057-3,SK-BR-3,10149-102-1,Y39983,0.04,uM,LJP6,72,hr,1401,4244,4168,1.0176,1.0213
50057-3,SK-BR-3,10149-102-1,Y39983,0.12,uM,LJP6,72,hr,1401,4181,4168,1.0031,1.0041
50057-3,SK-BR-3,10149-102-1,Y39983,0.37,uM,LJP6,72,hr,1401,3927,4168,0.9422,0.9251
50057-3,SK-BR-3,10149-102-1,Y39983,1.11,uM,LJP6,72,hr,1401,3731,4168,0.8948,0.8631
50057-3,SK-BR-3,10149-102-1,Y39983,3.33,uM,LJP6,72,hr,1401,3318,4168,0.7959,0.7294
50057-3,SK-BR-3,10149-102-1,Y39983,10,uM,LJP6,72,hr,1401,1540,4168,0.3693,0.0606
50057-3,SK-BR-3,10151-101-1,Nintedanib,0.04,uM,LJP6,72,hr,1401,4432,4168,1.0627,1.0782
50057-3,SK-BR-3,10151-101-1,Nintedanib,0.12,uM,LJP6,72,hr,1401,4054,4168,0.9726,0.9649
50057-3,SK-BR-3,10151-101-1,Nintedanib,0.37,uM,LJP6,72,hr,1401,3918,4168,0.9406,0.9237
50057-3,SK-BR-3,10151-101-1,Nintedanib,1.11,uM,LJP6,72,hr,1401,3638,4168,0.8722,0.8325
50057-3,SK-BR-3,10151-101-1,Nintedanib,3.33,uM,LJP6,72,hr,1401,3279,4168,0.7872,0.7179
50057-3,SK-BR-3,10151-101-1,Nintedanib,10,uM,LJP6,72,hr,1401,1350,4168,0.3238,-0.0249
50057-3,SK-BR-3,10157-101-1,Foretinib,0.04,uM,LJP5,72,hr,1401,4620,4245,1.0893,1.1112
50057-3,SK-BR-3,10157-101-1,Foretinib,0.12,uM,LJP5,72,hr,1401,4409,4245,1.0374,1.0454
50057-3,SK-BR-3,10157-101-1,Foretinib,0.37,uM,LJP5,72,hr,1401,1773,4245,0.4173,0.1554
50057-3,SK-BR-3,10157-101-1,Foretinib,1.11,uM,LJP5,72,hr,1401,1448,4245,0.3417,0.0199
50057-3,SK-BR-3,10157-101-1,Foretinib,3.33,uM,LJP5,72,hr,1401,1485,4245,0.3500,0.0351
50057-3,SK-BR-3,10157-101-1,Foretinib,10,uM,LJP5,72,hr,1401,1352,4245,0.3194,-0.0225
50057-3,SK-BR-3,10158-101-1,AZD 5438,0.04,uM,LJP6,72,hr,1401,3734,4168,0.8954,0.8635
50057-3,SK-BR-3,10158-101-1,AZD 5438,0.12,uM,LJP6,72,hr,1401,3016,4168,0.7237,0.6277
50057-3,SK-BR-3,10158-101-1,AZD 5438,0.37,uM,LJP6,72,hr,1401,2355,4168,0.5646,0.3898
50057-3,SK-BR-3,10158-101-1,AZD 5438,1.11,uM,LJP6,72,hr,1401,1208,4168,0.2897,-0.0907
50057-3,SK-BR-3,10158-101-1,AZD 5438,3.33,uM,LJP6,72,hr,1401,1046,4168,0.2510,-0.1703
50057-3,SK-BR-3,10158-101-1,AZD 5438,10,uM,LJP6,72,hr,1401,793,4168,0.1902,-0.3041
50057-3,SK-BR-3,10159-101-1,Pelitinib,0.04,uM,LJP5,72,hr,1401,2346,4245,0.5526,0.3778
50057-3,SK-BR-3,10159-101-1,Pelitinib,0.12,uM,LJP5,72,hr,1401,1671,4245,0.3936,0.1143
50057-3,SK-BR-3,10159-101-1,Pelitinib,0.37,uM,LJP5,72,hr,1401,1455,4245,0.3433,0.0219
50057-3,SK-BR-3,10159-101-1,Pelitinib,1.11,uM,LJP5,72,hr,1401,1389,4245,0.3287,-0.0047
50057-3,SK-BR-3,10159-101-1,Pelitinib,3.33,uM,LJP5,72,hr,1401,1398,4245,0.3314,-0.0018
50057-3,SK-BR-3,10159-101-1,Pelitinib,10,uM,LJP5,72,hr,1401,1087,4245,0.2581,-0.1465
50057-3,SK-BR-3,10161-101-1,Luminespib,0.04,uM,LJP5,72,hr,1401,1644,4245,0.3868,0.1014
50057-3,SK-BR-3,10161-101-1,Luminespib,0.12,uM,LJP5,72,hr,1401,1580,4245,0.3722,0.0759
50057-3,SK-BR-3,10161-101-1,Luminespib,0.37,uM,LJP5,72,hr,1401,1584,4245,0.3716,0.0733
50057-3,SK-BR-3,10161-101-1,Luminespib,1.11,uM,LJP5,72,hr,1401,1582,4245,0.3723,0.0750
50057-3,SK-BR-3,10161-101-1,Luminespib,3.33,uM,LJP5,72,hr,1401,1599,4245,0.3763,0.0830
50057-3,SK-BR-3,10161-101-1,Luminespib,10,uM,LJP5,72,hr,1401,1571,4245,0.3705,0.0732
50057-3,SK-BR-3,10164-101-1,AZD8330,0.04,uM,LJP5,72,hr,1401,3062,4245,0.7205,0.6272
50057-3,SK-BR-3,10164-101-1,AZD8330,0.12,uM,LJP5,72,hr,1401,3257,4245,0.7662,0.6911
50057-3,SK-BR-3,10164-101-1,AZD8330,0.37,uM,LJP5,72,hr,1401,3474,4245,0.8204,0.7681
50057-3,SK-BR-3,10164-101-1,AZD8330,1.11,uM,LJP5,72,hr,1401,3696,4245,0.8707,0.8335
50057-3,SK-BR-3,10164-101-1,AZD8330,3.33,uM,LJP5,72,hr,1401,3680,4245,0.8688,0.8324
50057-3,SK-BR-3,10164-101-1,AZD8330,10,uM,LJP5,72,hr,1401,3926,4245,0.9241,0.9025
50057-3,SK-BR-3,10171-101-1,TGX221,0.04,uM,LJP5,72,hr,1401,3463,4245,0.8163,0.7607
50057-3,SK-BR-3,10171-101-1,TGX221,0.12,uM,LJP5,72,hr,1401,3744,4245,0.8793,0.8415
50057-3,SK-BR-3,10171-101-1,TGX221,0.37,uM,LJP5,72,hr,1401,4060,4245,0.9556,0.9430
50057-3,SK-BR-3,10171-101-1,TGX221,1.11,uM,LJP5,72,hr,1401,4142,4245,0.9742,0.9658
50057-3,SK-BR-3,10171-101-1,TGX221,3.33,uM,LJP5,72,hr,1401,4210,4245,0.9911,0.9882
50057-3,SK-BR-3,10171-101-1,TGX221,10,uM,LJP5,72,hr,1401,3799,4245,0.8966,0.8692
50057-3,SK-BR-3,10172-101-1,GSK1059615,0.04,uM,LJP5,72,hr,1401,4469,4245,1.0545,1.0696
50057-3,SK-BR-3,10172-101-1,GSK1059615,0.04,uM,LJP6,72,hr,1401,3841,4168,0.9233,0.9002
50057-3,SK-BR-3,10172-101-1,GSK1059615,0.12,uM,LJP5,72,hr,1401,3743,4245,0.8803,0.8409
50057-3,SK-BR-3,10172-101-1,GSK1059615,0.12,uM,LJP6,72,hr,1401,3420,4168,0.8211,0.7645
50057-3,SK-BR-3,10172-101-1,GSK1059615,0.37,uM,LJP5,72,hr,1401,2987,4245,0.7038,0.6045
50057-3,SK-BR-3,10172-101-1,GSK1059615,0.37,uM,LJP6,72,hr,1401,3031,4168,0.7275,0.6337
50057-3,SK-BR-3,10172-101-1,GSK1059615,1.11,uM,LJP5,72,hr,1401,1742,4245,0.4090,0.1396
50057-3,SK-BR-3,10172-101-1,GSK1059615,1.11,uM,LJP6,72,hr,1401,1675,4168,0.4018,0.1198
50057-3,SK-BR-3,10172-101-1,GSK1059615,3.33,uM,LJP5,72,hr,1401,995,4245,0.2310,-0.2155
50057-3,SK-BR-3,10172-101-1,GSK1059615,3.33,uM,LJP6,72,hr,1401,956,4168,0.2297,-0.2170
50057-3,SK-BR-3,10172-101-1,GSK1059615,10,uM,LJP5,72,hr,1401,861,4245,0.1997,-0.2786
50057-3,SK-BR-3,10172-101-1,GSK1059615,10,uM,LJP6,72,hr,1401,694,4168,0.1664,-0.3642
50057-3,SK-BR-3,10177-101-1,Brivanib,0.04,uM,LJP5,72,hr,1401,4177,4245,0.9804,0.9706
50057-3,SK-BR-3,10177-101-1,Brivanib,0.12,uM,LJP5,72,hr,1401,4164,4245,0.9817,0.9780
50057-3,SK-BR-3,10177-101-1,Brivanib,0.37,uM,LJP5,72,hr,1401,4205,4245,0.9885,0.9831
50057-3,SK-BR-3,10177-101-1,Brivanib,1.11,uM,LJP5,72,hr,1401,4209,4245,0.9894,0.9841
50057-3,SK-BR-3,10177-101-1,Brivanib,3.33,uM,LJP5,72,hr,1401,4138,4245,0.9744,0.9674
50057-3,SK-BR-3,10177-101-1,Brivanib,10,uM,LJP5,72,hr,1401,4050,4245,0.9525,0.9381
50057-3,SK-BR-3,10180-101-1,CHIR-99021,0.04,uM,LJP6,72,hr,1401,3730,4168,0.8962,0.8651
50057-3,SK-BR-3,10180-101-1,CHIR-99021,0.12,uM,LJP6,72,hr,1401,3900,4168,0.9355,0.9168
50057-3,SK-BR-3,10180-101-1,CHIR-99021,0.37,uM,LJP6,72,hr,1401,4056,4168,0.9734,0.9663
50057-3,SK-BR-3,10180-101-1,CHIR-99021,1.11,uM,LJP6,72,hr,1401,3966,4168,0.9516,0.9381
50057-3,SK-BR-3,10180-101-1,CHIR-99021,3.33,uM,LJP6,72,hr,1401,4000,4168,0.9607,0.9498
50057-3,SK-BR-3,10180-101-1,CHIR-99021,10,uM,LJP6,72,hr,1401,3218,4168,0.7723,0.6970
50057-3,SK-BR-3,10182-101-1,Linifanib,0.04,uM,LJP6,72,hr,1401,4563,4168,1.0943,1.1173
50057-3,SK-BR-3,10182-101-1,Linifanib,0.12,uM,LJP6,72,hr,1401,4479,4168,1.0738,1.0912
50057-3,SK-BR-3,10182-101-1,Linifanib,0.37,uM,LJP6,72,hr,1401,4681,4168,1.1232,1.1535
50057-3,SK-BR-3,10182-101-1,Linifanib,1.11,uM,LJP6,72,hr,1401,4424,4168,1.0606,1.0753
50057-3,SK-BR-3,10182-101-1,Linifanib,3.33,uM,LJP6,72,hr,1401,4468,4168,1.0721,1.0908
50057-3,SK-BR-3,10182-101-1,Linifanib,10,uM,LJP6,72,hr,1401,2159,4168,0.5177,0.3152
50057-3,SK-BR-3,10190-101-1,PIK-93,0.04,uM,LJP5,72,hr,1401,4442,4245,1.0468,1.0584
50057-3,SK-BR-3,10190-101-1,PIK-93,0.12,uM,LJP5,72,hr,1401,4374,4245,1.0317,1.0410
50057-3,SK-BR-3,10190-101-1,PIK-93,0.37,uM,LJP5,72,hr,1401,3898,4245,0.9224,0.9034
50057-3,SK-BR-3,10190-101-1,PIK-93,1.11,uM,LJP5,72,hr,1401,3491,4245,0.8242,0.7726
50057-3,SK-BR-3,10190-101-1,PIK-93,3.33,uM,LJP5,72,hr,1401,3056,4245,0.7243,0.6350
50057-3,SK-BR-3,10190-101-1,PIK-93,10,uM,LJP5,72,hr,1401,1491,4245,0.3532,0.0410
50057-3,SK-BR-3,10232-101-1,Dactolisib,0.04,uM,LJP5,72,hr,1401,1558,4245,0.3679,0.0681
50057-3,SK-BR-3,10232-101-1,Dactolisib,0.12,uM,LJP5,72,hr,1401,1559,4245,0.3671,0.0664
50057-3,SK-BR-3,10232-101-1,Dactolisib,0.37,uM,LJP5,72,hr,1401,1347,4245,0.3173,-0.0265
50057-3,SK-BR-3,10232-101-1,Dactolisib,1.11,uM,LJP5,72,hr,1401,1349,4245,0.3187,-0.0237
50057-3,SK-BR-3,10232-101-1,Dactolisib,3.33,uM,LJP5,72,hr,1401,1560,4245,0.3692,0.0707
50057-3,SK-BR-3,10232-101-1,Dactolisib,10,uM,LJP5,72,hr,1401,1687,4245,0.4001,0.1257
50057-3,SK-BR-3,10233-101-1,Alpelisib,0.04,uM,LJP5,72,hr,1401,4129,4245,0.9731,0.9667
50057-3,SK-BR-3,10233-101-1,Alpelisib,0.12,uM,LJP5,72,hr,1401,3833,4245,0.9031,0.8763
50057-3,SK-BR-3,10233-101-1,Alpelisib,0.37,uM,LJP5,72,hr,1401,3342,4245,0.7886,0.7238
50057-3,SK-BR-3,10233-101-1,Alpelisib,1.11,uM,LJP5,72,hr,1401,2916,4245,0.6864,0.5790
50057-3,SK-BR-3,10233-101-1,Alpelisib,3.33,uM,LJP5,72,hr,1401,2546,4245,0.6002,0.4522
50057-3,SK-BR-3,10233-101-1,Alpelisib,10,uM,LJP5,72,hr,1401,1593,4245,0.3756,0.0817
50057-3,SK-BR-3,10234-101-1,GDC-0980,0.04,uM,LJP5,72,hr,1401,1941,4245,0.4576,0.2251
50057-3,SK-BR-3,10234-101-1,GDC-0980,0.12,uM,LJP5,72,hr,1401,1500,4245,0.3536,0.0419
50057-3,SK-BR-3,10234-101-1,GDC-0980,0.37,uM,LJP5,72,hr,1401,1409,4245,0.3311,-0.0011
50057-3,SK-BR-3,10234-101-1,GDC-0980,1.11,uM,LJP5,72,hr,1401,1403,4245,0.3310,-0.0002
50057-3,SK-BR-3,10234-101-1,GDC-0980,3.33,uM,LJP5,72,hr,1401,1419,4245,0.3340,0.0050
50057-3,SK-BR-3,10234-101-1,GDC-0980,10,uM,LJP5,72,hr,1401,1272,4245,0.3007,-0.0586
50057-3,SK-BR-3,10479-102-1,Mitoxantrone,0.04,uM,LJP5,72,hr,1401,1595,4245,0.3753,0.0810
50057-3,SK-BR-3,10479-102-1,Mitoxantrone,0.04,uM,LJP6,72,hr,1401,1585,4168,0.3803,0.0814
50057-3,SK-BR-3,10479-102-1,Mitoxantrone,0.12,uM,LJP5,72,hr,1401,1514,4245,0.3588,0.0513
50057-3,SK-BR-3,10479-102-1,Mitoxantrone,0.12,uM,LJP6,72,hr,1401,1434,4168,0.3445,0.0151
50057-3,SK-BR-3,10479-102-1,Mitoxantrone,0.37,uM,LJP5,72,hr,1401,1487,4245,0.3496,0.0340
50057-3,SK-BR-3,10479-102-1,Mitoxantrone,0.37,uM,LJP6,72,hr,1401,1351,4168,0.3244,-0.0231
50057-3,SK-BR-3,10479-102-1,Mitoxantrone,1.11,uM,LJP5,72,hr,1401,1203,4245,0.2839,-0.0927
50057-3,SK-BR-3,10479-102-1,Mitoxantrone,1.11,uM,LJP6,72,hr,1401,1214,4168,0.2910,-0.0886
50057-3,SK-BR-3,10479-102-1,Mitoxantrone,3.33,uM,LJP5,72,hr,1401,796,4245,0.1885,-0.2983
50057-3,SK-BR-3,10479-102-1,Mitoxantrone,3.33,uM,LJP6,72,hr,1401,692,4168,0.1659,-0.3626
50057-3,SK-BR-3,10479-102-1,Mitoxantrone,10,uM,LJP5,72,hr,1401,91,4245,0.0217,-0.8201
50057-3,SK-BR-3,10479-102-1,Mitoxantrone,10,uM,LJP6,72,hr,1401,109,4168,0.0261,-0.8036
50057-3,SK-BR-3,10480-101-1,Radicicol,0.04,uM,LJP5,72,hr,1401,2339,4245,0.5562,0.3839
50057-3,SK-BR-3,10480-101-1,Radicicol,0.04,uM,LJP6,72,hr,1401,2168,4168,0.5199,0.3189
50057-3,SK-BR-3,10480-101-1,Radicicol,0.12,uM,LJP5,72,hr,1401,1780,4245,0.4212,0.1629
50057-3,SK-BR-3,10480-101-1,Radicicol,0.12,uM,LJP6,72,hr,1401,1639,4168,0.3929,0.1034
50057-3,SK-BR-3,10480-101-1,Radicicol,0.37,uM,LJP5,72,hr,1401,1712,4245,0.4072,0.1362
50057-3,SK-BR-3,10480-101-1,Radicicol,0.37,uM,LJP6,72,hr,1401,1489,4168,0.3576,0.0395
50057-3,SK-BR-3,10480-101-1,Radicicol,1.11,uM,LJP5,72,hr,1401,1652,4245,0.3952,0.1080
50057-3,SK-BR-3,10480-101-1,Radicicol,1.11,uM,LJP6,72,hr,1401,1499,4168,0.3597,0.0436
50057-3,SK-BR-3,10480-101-1,Radicicol,3.33,uM,LJP5,72,hr,1401,1603,4245,0.3837,0.0878
50057-3,SK-BR-3,10480-101-1,Radicicol,3.33,uM,LJP6,72,hr,1401,1469,4168,0.3530,0.0305
50057-3,SK-BR-3,10480-101-1,Radicicol,10,uM,LJP5,72,hr,1401,1094,4245,0.2583,-0.1446
50057-3,SK-BR-3,10480-101-1,Radicicol,10,uM,LJP6,72,hr,1401,922,4168,0.2216,-0.2335
50057-3,SK-BR-3,10481-101-1,Withaferin A,0.04,uM,LJP5,72,hr,1401,4170,4245,0.9823,0.9777
50057-3,SK-BR-3,10481-101-1,Withaferin A,0.04,uM,LJP6,72,hr,1401,4473,4168,1.0732,1.0919
50057-3,SK-BR-3,10481-101-1,Withaferin A,0.12,uM,LJP5,72,hr,1401,4516,4245,1.0637,1.0790
50057-3,SK-BR-3,10481-101-1,Withaferin A,0.12,uM,LJP6,72,hr,1401,3721,4168,0.8930,0.8613
50057-3,SK-BR-3,10481-101-1,Withaferin A,0.37,uM,LJP5,72,hr,1401,2157,4245,0.5074,0.3054
50057-3,SK-BR-3,10481-101-1,Withaferin A,0.37,uM,LJP6,72,hr,1401,1981,4168,0.4756,0.2464
50057-3,SK-BR-3,10481-101-1,Withaferin A,1.11,uM,LJP5,72,hr,1401,1525,4245,0.3606,0.0550
50057-3,SK-BR-3,10481-101-1,Withaferin A,1.11,uM,LJP6,72,hr,1401,1291,4168,0.3101,-0.0504
50057-3,SK-BR-3,10481-101-1,Withaferin A,3.33,uM,LJP5,72,hr,1401,931,4245,0.2200,-0.2263
50057-3,SK-BR-3,10481-101-1,Withaferin A,3.33,uM,LJP6,72,hr,1401,985,4168,0.2364,-0.2016
50057-3,SK-BR-3,10481-101-1,Withaferin A,10,uM,LJP5,72,hr,1401,1018,4245,0.2411,-0.1811
50057-3,SK-BR-3,10481-101-1,Withaferin A,10,uM,LJP6,72,hr,1401,1153,4168,0.2766,-0.1177
50058-4,MDA-MB-231,10001-101-1,Seliciclib,0.04,uM,LJP5,72,hr,1235,4659,4660,0.9984,0.9970
50058-4,MDA-MB-231,10001-101-1,Seliciclib,0.12,uM,LJP5,72,hr,1235,4391,4660,0.9412,0.9367
50058-4,MDA-MB-231,10001-101-1,Seliciclib,0.37,uM,LJP5,72,hr,1235,4369,4660,0.9370,0.9328
50058-4,MDA-MB-231,10001-101-1,Seliciclib,1.11,uM,LJP5,72,hr,1235,4116,4660,0.8818,0.8711
50058-4,MDA-MB-231,10001-101-1,Seliciclib,3.33,uM,LJP5,72,hr,1235,3754,4660,0.8047,0.7842
50058-4,MDA-MB-231,10001-101-1,Seliciclib,10,uM,LJP5,72,hr,1235,2463,4660,0.5278,0.4310
50058-4,MDA-MB-231,10004-101-1,AT-7519,0.04,uM,LJP6,72,hr,1235,2660,4405,0.6042,0.5194
50058-4,MDA-MB-231,10004-101-1,AT-7519,0.12,uM,LJP6,72,hr,1235,947,4405,0.2148,-0.1388
50058-4,MDA-MB-231,10004-101-1,AT-7519,0.37,uM,LJP6,72,hr,1235,496,4405,0.1125,-0.3929
50058-4,MDA-MB-231,10004-101-1,AT-7519,1.11,uM,LJP6,72,hr,1235,324,4405,0.0730,-0.5262
50058-4,MDA-MB-231,10004-101-1,AT-7519,3.33,uM,LJP6,72,hr,1235,283,4405,0.0637,-0.5629
50058-4,MDA-MB-231,10004-101-1,AT-7519,10,uM,LJP6,72,hr,1235,259,4405,0.0584,-0.5826
50058-4,MDA-MB-231,10006-101-1,AZD7762,0.04,uM,LJP6,72,hr,1235,3180,4405,0.7227,0.6749
50058-4,MDA-MB-231,10006-101-1,AZD7762,0.12,uM,LJP6,72,hr,1235,2007,4405,0.4560,0.3028
50058-4,MDA-MB-231,10006-101-1,AZD7762,0.37,uM,LJP6,72,hr,1235,1162,4405,0.2631,-0.0361
50058-4,MDA-MB-231,10006-101-1,AZD7762,1.11,uM,LJP6,72,hr,1235,729,4405,0.1653,-0.2512
50058-4,MDA-MB-231,10006-101-1,AZD7762,3.33,uM,LJP6,72,hr,1235,497,4405,0.1131,-0.3916
50058-4,MDA-MB-231,10006-101-1,AZD7762,10,uM,LJP6,72,hr,1235,409,4405,0.0926,-0.4545
50058-4,MDA-MB-231,10007-101-1,AZD8055,0.04,uM,LJP6,72,hr,1235,2611,4405,0.5930,0.5025
50058-4,MDA-MB-231,10007-101-1,AZD8055,0.12,uM,LJP6,72,hr,1235,2180,4405,0.4954,0.3614
50058-4,MDA-MB-231,10007-101-1,AZD8055,0.37,uM,LJP6,72,hr,1235,1857,4405,0.4227,0.2484
50058-4,MDA-MB-231,10007-101-1,AZD8055,1.11,uM,LJP6,72,hr,1235,1747,4405,0.3972,0.2075
50058-4,MDA-MB-231,10007-101-1,AZD8055,3.33,uM,LJP6,72,hr,1235,1317,4405,0.2981,0.0312
50058-4,MDA-MB-231,10007-101-1,AZD8055,10,uM,LJP6,72,hr,1235,562,4405,0.1271,-0.3529
50058-4,MDA-MB-231,10008-101-1,Sorafenib,0.04,uM,LJP6,72,hr,1235,4652,4405,1.0561,1.0606
50058-4,MDA-MB-231,10008-101-1,Sorafenib,0.12,uM,LJP6,72,hr,1235,4569,4405,1.0357,1.0366
50058-4,MDA-MB-231,10008-101-1,Sorafenib,0.37,uM,LJP6,72,hr,1235,4437,4405,1.0064,1.0061
50058-4,MDA-MB-231,10008-101-1,Sorafenib,1.11,uM,LJP6,72,hr,1235,4641,4405,1.0524,1.0551
50058-4,MDA-MB-231,10008-101-1,Sorafenib,3.33,uM,LJP6,72,hr,1235,4497,4405,1.0199,1.0206
50058-4,MDA-MB-231,10008-101-1,Sorafenib,10,uM,LJP6,72,hr,1235,3819,4405,0.8659,0.8475
50058-4,MDA-MB-231,10009-101-1,CP466722,0.04,uM,LJP5,72,hr,1235,4695,4660,1.0072,1.0072
50058-4,MDA-MB-231,10009-101-1,CP466722,0.12,uM,LJP5,72,hr,1235,4537,4660,0.9728,0.9699
50058-4,MDA-MB-231,10009-101-1,CP466722,0.37,uM,LJP5,72,hr,1235,3084,4660,0.6557,0.3293
50058-4,MDA-MB-231,10009-101-1,CP466722,1.11,uM,LJP5,72,hr,1235,4178,4660,0.8982,0.8911
50058-4,MDA-MB-231,10009-101-1,CP466722,3.33,uM,LJP5,72,hr,1235,3791,4660,0.8141,0.7963
50058-4,MDA-MB-231,10009-101-1,CP466722,10,uM,LJP5,72,hr,1235,2241,4660,0.4818,0.3650
50058-4,MDA-MB-231,10010-101-1,CP724714,0.04,uM,LJP5,72,hr,1235,4774,4660,1.0275,1.0295
50058-4,MDA-MB-231,10010-101-1,CP724714,0.12,uM,LJP5,72,hr,1235,4689,4660,1.0083,1.0096
50058-4,MDA-MB-231,10010-101-1,CP724714,0.37,uM,LJP5,72,hr,1235,4612,4660,0.9914,0.9915
50058-4,MDA-MB-231,10010-101-1,CP724714,1.11,uM,LJP5,72,hr,1235,4619,4660,0.9931,0.9935
50058-4,MDA-MB-231,10010-101-1,CP724714,3.33,uM,LJP5,72,hr,1235,4353,4660,0.9346,0.9309
50058-4,MDA-MB-231,10010-101-1,CP724714,10,uM,LJP5,72,hr,1235,4324,4660,0.9306,0.9269
50058-4,MDA-MB-231,10011-101-1,Alvocidib,0.04,uM,LJP6,72,hr,1235,1086,4405,0.2461,-0.0705
50058-4,MDA-MB-231,10011-101-1,Alvocidib,0.12,uM,LJP6,72,hr,1235,517,4405,0.1174,-0.3787
50058-4,MDA-MB-231,10011-101-1,Alvocidib,0.37,uM,LJP6,72,hr,1235,470,4405,0.1069,-0.4121
50058-4,MDA-MB-231,10011-101-1,Alvocidib,1.11,uM,LJP6,72,hr,1235,432,4405,0.0979,-0.4377
50058-4,MDA-MB-231,10011-101-1,Alvocidib,3.33,uM,LJP6,72,hr,1235,447,4405,0.1017,-0.4260
50058-4,MDA-MB-231,10011-101-1,Alvocidib,10,uM,LJP6,72,hr,1235,414,4405,0.0943,-0.4498
50058-4,MDA-MB-231,10014-101-1,GW843682X,0.04,uM,LJP6,72,hr,1235,4047,4405,0.9179,0.9077
50058-4,MDA-MB-231,10014-101-1,GW843682X,0.12,uM,LJP6,72,hr,1235,3093,4405,0.7010,0.6460
50058-4,MDA-MB-231,10014-101-1,GW843682X,0.37,uM,LJP6,72,hr,1235,2103,4405,0.4761,0.3314
50058-4,MDA-MB-231,10014-101-1,GW843682X,1.11,uM,LJP6,72,hr,1235,1076,4405,0.2435,-0.0764
50058-4,MDA-MB-231,10014-101-1,GW843682X,3.33,uM,LJP6,72,hr,1235,927,4405,0.2102,-0.1468
50058-4,MDA-MB-231,10014-101-1,GW843682X,10,uM,LJP6,72,hr,1235,1162,4405,0.2630,-0.0369
50058-4,MDA-MB-231,10015-101-1,HG-5-113-01,0.04,uM,LJP5,72,hr,1235,4740,4660,1.0184,1.0199
50058-4,MDA-MB-231,10015-101-1,HG-5-113-01,0.12,uM,LJP5,72,hr,1235,4463,4660,0.9601,0.9588
50058-4,MDA-MB-231,10015-101-1,HG-5-113-01,0.37,uM,LJP5,72,hr,1235,3553,4660,0.7628,0.7359
50058-4,MDA-MB-231,10015-101-1,HG-5-113-01,1.11,uM,LJP5,72,hr,1235,1598,4660,0.3432,0.1433
50058-4,MDA-MB-231,10015-101-1,HG-5-113-01,3.33,uM,LJP5,72,hr,1235,1287,4660,0.2761,0.0202
50058-4,MDA-MB-231,10015-101-1,HG-5-113-01,10,uM,LJP5,72,hr,1235,750,4660,0.1614,-0.2299
50058-4,MDA-MB-231,10016-101-1,HG-5-88-01,0.04,uM,LJP6,72,hr,1235,4028,4405,0.9135,0.9025
50058-4,MDA-MB-231,10016-101-1,HG-5-88-01,0.12,uM,LJP6,72,hr,1235,4271,4405,0.9692,0.9653
50058-4,MDA-MB-231,10016-101-1,HG-5-88-01,0.37,uM,LJP6,72,hr,1235,3873,4405,0.8786,0.8629
50058-4,MDA-MB-231,10016-101-1,HG-5-88-01,1.11,uM,LJP6,72,hr,1235,4031,4405,0.9146,0.9043
50058-4,MDA-MB-231,10016-101-1,HG-5-88-01,3.33,uM,LJP6,72,hr,1235,4042,4405,0.9164,0.9057
50058-4,MDA-MB-231,10016-101-1,HG-5-88-01,10,uM,LJP6,72,hr,1235,2525,4405,0.5723,0.4733
50058-4,MDA-MB-231,10017-101-1,HG-6-64-01,0.04,uM,LJP6,72,hr,1235,3983,4405,0.9038,0.8903
50058-4,MDA-MB-231,10017-101-1,HG-6-64-01,0.12,uM,LJP6,72,hr,1235,3420,4405,0.7779,0.7439
50058-4,MDA-MB-231,10017-101-1,HG-6-64-01,0.37,uM,LJP6,72,hr,1235,1998,4405,0.4548,0.3003
50058-4,MDA-MB-231,10017-101-1,HG-6-64-01,1.11,uM,LJP6,72,hr,1235,1410,4405,0.3185,0.0622
50058-4,MDA-MB-231,10017-101-1,HG-6-64-01,3.33,uM,LJP6,72,hr,1235,1018,4405,0.2289,-0.1232
50058-4,MDA-MB-231,10017-101-1,HG-6-64-01,10,uM,LJP6,72,hr,1235,234,4405,0.0524,-0.6111
50058-4,MDA-MB-231,10018-101-1,Neratinib,0.04,uM,LJP5,72,hr,1235,4700,4660,1.0099,1.0111
50058-4,MDA-MB-231,10018-101-1,Neratinib,0.12,uM,LJP5,72,hr,1235,4531,4660,0.9743,0.9739
50058-4,MDA-MB-231,10018-101-1,Neratinib,0.37,uM,LJP5,72,hr,1235,3537,4660,0.7596,0.7325
50058-4,MDA-MB-231,10018-101-1,Neratinib,1.11,uM,LJP5,72,hr,1235,2421,4660,0.5183,0.4159
50058-4,MDA-MB-231,10018-101-1,Neratinib,3.33,uM,LJP5,72,hr,1235,1539,4660,0.3309,0.1218
50058-4,MDA-MB-231,10018-101-1,Neratinib,10,uM,LJP5,72,hr,1235,797,4660,0.1734,-0.2107
50058-4,MDA-MB-231,10019-101-1,JW-7-24-1,0.04,uM,LJP6,72,hr,1235,4157,4405,0.9428,0.9355
50058-4,MDA-MB-231,10019-101-1,JW-7-24-1,0.12,uM,LJP6,72,hr,1235,4098,4405,0.9292,0.9199
50058-4,MDA-MB-231,10019-101-1,JW-7-24-1,0.37,uM,LJP6,72,hr,1235,3542,4405,0.8028,0.7723
50058-4,MDA-MB-231,10019-101-1,JW-7-24-1,1.11,uM,LJP6,72,hr,1235,2889,4405,0.6546,0.5850
50058-4,MDA-MB-231,10019-101-1,JW-7-24-1,3.33,uM,LJP6,72,hr,1235,2617,4405,0.5934,0.5030
50058-4,MDA-MB-231,10019-101-1,JW-7-24-1,10,uM,LJP6,72,hr,1235,632,4405,0.1429,-0.3106
50058-4,MDA-MB-231,10020-101-1,Dasatinib,0.04,uM,LJP5,72,hr,1235,2691,4660,0.5783,0.5023
50058-4,MDA-MB-231,10020-101-1,Dasatinib,0.04,uM,LJP6,72,hr,1235,807,4405,0.1832,-0.2078
50058-4,MDA-MB-231,10020-101-1,Dasatinib,0.12,uM,LJP5,72,hr,1235,1345,4660,0.2890,0.0451
50058-4,MDA-MB-231,10020-101-1,Dasatinib,0.12,uM,LJP6,72,hr,1235,801,4405,0.1820,-0.2107
50058-4,MDA-MB-231,10020-101-1,Dasatinib,0.37,uM,LJP5,72,hr,1235,790,4660,0.1696,-0.2095
50058-4,MDA-MB-231,10020-101-1,Dasatinib,0.37,uM,LJP6,72,hr,1235,771,4405,0.1752,-0.2270
50058-4,MDA-MB-231,10020-101-1,Dasatinib,1.11,uM,LJP5,72,hr,1235,653,4660,0.1398,-0.2854
50058-4,MDA-MB-231,10020-101-1,Dasatinib,1.11,uM,LJP6,72,hr,1235,661,4405,0.1498,-0.2930
50058-4,MDA-MB-231,10020-101-1,Dasatinib,3.33,uM,LJP5,72,hr,1235,671,4660,0.1440,-0.2738
50058-4,MDA-MB-231,10020-101-1,Dasatinib,3.33,uM,LJP6,72,hr,1235,627,4405,0.1421,-0.3156
50058-4,MDA-MB-231,10020-101-1,Dasatinib,10,uM,LJP5,72,hr,1235,638,4660,0.1362,-0.2971
50058-4,MDA-MB-231,10020-101-1,Dasatinib,10,uM,LJP6,72,hr,1235,436,4405,0.0982,-0.4446
50058-4,MDA-MB-231,10021-101-1,Tozasertib,0.04,uM,LJP5,72,hr,1235,1382,4660,0.2969,0.0601
50058-4,MDA-MB-231,10021-101-1,Tozasertib,0.12,uM,LJP5,72,hr,1235,1317,4660,0.2835,0.0342
50058-4,MDA-MB-231,10021-101-1,Tozasertib,0.37,uM,LJP5,72,hr,1235,1444,4660,0.3105,0.0848
50058-4,MDA-MB-231,10021-101-1,Tozasertib,1.11,uM,LJP5,72,hr,1235,1351,4660,0.2908,0.0481
50058-4,MDA-MB-231,10021-101-1,Tozasertib,3.33,uM,LJP5,72,hr,1235,1421,4660,0.3060,0.0759
50058-4,MDA-MB-231,10021-101-1,Tozasertib,10,uM,LJP5,72,hr,1235,1261,4660,0.2707,0.0097
50058-4,MDA-MB-231,10023-103-1,Imatinib,0.04,uM,LJP6,72,hr,1235,4316,4405,0.9807,0.9791
50058-4,MDA-MB-231,10023-103-1,Imatinib,0.12,uM,LJP6,72,hr,1235,4326,4405,0.9829,0.9817
50058-4,MDA-MB-231,10023-103-1,Imatinib,0.37,uM,LJP6,72,hr,1235,4366,4405,0.9931,0.9929
50058-4,MDA-MB-231,10023-103-1,Imatinib,1.11,uM,LJP6,72,hr,1235,4279,4405,0.9734,0.9713
50058-4,MDA-MB-231,10023-103-1,Imatinib,3.33,uM,LJP6,72,hr,1235,4334,4405,0.9851,0.9843
50058-4,MDA-MB-231,10023-103-1,Imatinib,10,uM,LJP6,72,hr,1235,4164,4405,0.9453,0.9396
50058-4,MDA-MB-231,10024-101-1,NVP-TAE684,0.04,uM,LJP6,72,hr,1235,3892,4405,0.8837,0.8696
50058-4,MDA-MB-231,10024-101-1,NVP-TAE684,0.12,uM,LJP6,72,hr,1235,3542,4405,0.8051,0.7773
50058-4,MDA-MB-231,10024-101-1,NVP-TAE684,0.37,uM,LJP6,72,hr,1235,2913,4405,0.6628,0.5978
50058-4,MDA-MB-231,10024-101-1,NVP-TAE684,1.11,uM,LJP6,72,hr,1235,1814,4405,0.4128,0.2310
50058-4,MDA-MB-231,10024-101-1,NVP-TAE684,3.33,uM,LJP6,72,hr,1235,1283,4405,0.2919,0.0210
50058-4,MDA-MB-231,10024-101-1,NVP-TAE684,10,uM,LJP6,72,hr,1235,382,4405,0.0872,-0.4731
50058-4,MDA-MB-231,10025-101-1,CGP60474,0.04,uM,LJP5,72,hr,1235,3304,4660,0.7086,0.6698
50058-4,MDA-MB-231,10025-101-1,CGP60474,0.04,uM,LJP6,72,hr,1235,534,4405,0.1209,-0.3700
50058-4,MDA-MB-231,10025-101-1,CGP60474,0.12,uM,LJP5,72,hr,1235,773,4660,0.1654,-0.2206
50058-4,MDA-MB-231,10025-101-1,CGP60474,0.12,uM,LJP6,72,hr,1235,506,4405,0.1147,-0.3866
50058-4,MDA-MB-231,10025-101-1,CGP60474,0.37,uM,LJP5,72,hr,1235,521,4660,0.1120,-0.3638
50058-4,MDA-MB-231,10025-101-1,CGP60474,0.37,uM,LJP6,72,hr,1235,459,4405,0.1041,-0.4182
50058-4,MDA-MB-231,10025-101-1,CGP60474,1.11,uM,LJP5,72,hr,1235,407,4660,0.0875,-0.4405
50058-4,MDA-MB-231,10025-101-1,CGP60474,1.11,uM,LJP6,72,hr,1235,344,4405,0.0776,-0.5060
50058-4,MDA-MB-231,10025-101-1,CGP60474,3.33,uM,LJP5,72,hr,1235,448,4660,0.0962,-0.4119
50058-4,MDA-MB-231,10025-101-1,CGP60474,3.33,uM,LJP6,72,hr,1235,292,4405,0.0657,-0.5526
50058-4,MDA-MB-231,10025-101-1,CGP60474,10,uM,LJP5,72,hr,1235,454,4660,0.0971,-0.4095
50058-4,MDA-MB-231,10025-101-1,CGP60474,10,uM,LJP6,72,hr,1235,340,4405,0.0765,-0.5175
50058-4,MDA-MB-231,10026-101-1,PD173074,0.04,uM,LJP6,72,hr,1235,4661,4405,1.0586,1.0633
50058-4,MDA-MB-231,10026-101-1,PD173074,0.12,uM,LJP6,72,hr,1235,4694,4405,1.0666,1.0721
50058-4,MDA-MB-231,10026-101-1,PD173074,0.37,uM,LJP6,72,hr,1235,5078,4405,1.1552,1.1644
50058-4,MDA-MB-231,10026-101-1,PD173074,1.11,uM,LJP6,72,hr,1235,4916,4405,1.1188,1.1268
50058-4,MDA-MB-231,10026-101-1,PD173074,3.33,uM,LJP6,72,hr,1235,4648,4405,1.0568,1.0618
50058-4,MDA-MB-231,10026-101-1,PD173074,10,uM,LJP6,72,hr,1235,1624,4405,0.3683,0.1566
50058-4,MDA-MB-231,10027-101-1,Crizotinib,0.04,uM,LJP5,72,hr,1235,4502,4660,0.9666,0.9652
50058-4,MDA-MB-231,10027-101-1,Crizotinib,0.12,uM,LJP5,72,hr,1235,4475,4660,0.9617,0.9604
50058-4,MDA-MB-231,10027-101-1,Crizotinib,0.37,uM,LJP5,72,hr,1235,4053,4660,0.8712,0.8616
50058-4,MDA-MB-231,10027-101-1,Crizotinib,1.11,uM,LJP5,72,hr,1235,2201,4660,0.4727,0.3516
50058-4,MDA-MB-231,10027-101-1,Crizotinib,3.33,uM,LJP5,72,hr,1235,1421,4660,0.3055,0.0758
50058-4,MDA-MB-231,10027-101-1,Crizotinib,10,uM,LJP5,72,hr,1235,939,4660,0.2016,-0.1342
50058-4,MDA-MB-231,10028-102-1,BMS345541,0.04,uM,LJP6,72,hr,1235,4330,4405,0.9836,0.9824
50058-4,MDA-MB-231,10028-102-1,BMS345541,0.12,uM,LJP6,72,hr,1235,3792,4405,0.8593,0.8389
50058-4,MDA-MB-231,10028-102-1,BMS345541,0.37,uM,LJP6,72,hr,1235,3687,4405,0.8374,0.8156
50058-4,MDA-MB-231,10028-102-1,BMS345541,1.11,uM,LJP6,72,hr,1235,2848,4405,0.6458,0.5744
50058-4,MDA-MB-231,10028-102-1,BMS345541,3.33,uM,LJP6,72,hr,1235,1832,4405,0.4155,0.2380
50058-4,MDA-MB-231,10028-102-1,BMS345541,10,uM,LJP6,72,hr,1235,408,4405,0.0926,-0.4547
50058-4,MDA-MB-231,10031-101-1,KIN001-043,0.04,uM,LJP6,72,hr,1235,3783,4405,0.8578,0.8381
50058-4,MDA-MB-231,10031-101-1,KIN001-043,0.12,uM,LJP6,72,hr,1235,3477,4405,0.7895,0.7573
50058-4,MDA-MB-231,10031-101-1,KIN001-043,0.37,uM,LJP6,72,hr,1235,3573,4405,0.8116,0.7846
50058-4,MDA-MB-231,10031-101-1,KIN001-043,1.11,uM,LJP6,72,hr,1235,3327,4405,0.7554,0.7160
50058-4,MDA-MB-231,10031-101-1,KIN001-043,3.33,uM,LJP6,72,hr,1235,3354,4405,0.7610,0.7224
50058-4,MDA-MB-231,10031-101-1,KIN001-043,10,uM,LJP6,72,hr,1235,1167,4405,0.2641,-0.0364
50058-4,MDA-MB-231,10032-101-1,Saracatinib,0.04,uM,LJP6,72,hr,1235,3593,4405,0.8158,0.7898
50058-4,MDA-MB-231,10032-101-1,Saracatinib,0.12,uM,LJP6,72,hr,1235,3260,4405,0.7402,0.6970
50058-4,MDA-MB-231,10032-101-1,Saracatinib,0.37,uM,LJP6,72,hr,1235,2933,4405,0.6652,0.6001
50058-4,MDA-MB-231,10032-101-1,Saracatinib,1.11,uM,LJP6,72,hr,1235,2835,4405,0.6440,0.5730
50058-4,MDA-MB-231,10032-101-1,Saracatinib,3.33,uM,LJP6,72,hr,1235,2626,4405,0.5955,0.5063
50058-4,MDA-MB-231,10032-101-1,Saracatinib,10,uM,LJP6,72,hr,1235,2083,4405,0.4719,0.3257
50058-4,MDA-MB-231,10035-101-1,Sigma A6730,0.04,uM,LJP5,72,hr,1235,4511,4660,0.9692,0.9682
50058-4,MDA-MB-231,10035-101-1,Sigma A6730,0.12,uM,LJP5,72,hr,1235,4466,4660,0.9596,0.9581
50058-4,MDA-MB-231,10035-101-1,Sigma A6730,0.37,uM,LJP5,72,hr,1235,4453,4660,0.9565,0.9547
50058-4,MDA-MB-231,10035-101-1,Sigma A6730,1.11,uM,LJP5,72,hr,1235,4267,4660,0.9169,0.9120
50058-4,MDA-MB-231,10035-101-1,Sigma A6730,3.33,uM,LJP5,72,hr,1235,4244,4660,0.9122,0.9069
50058-4,MDA-MB-231,10035-101-1,Sigma A6730,10,uM,LJP5,72,hr,1235,2695,4660,0.5793,0.5024
50058-4,MDA-MB-231,10039-101-1,WH-4-025,0.04,uM,LJP5,72,hr,1235,3774,4660,0.8091,0.7891
50058-4,MDA-MB-231,10039-101-1,WH-4-025,0.12,uM,LJP5,72,hr,1235,3320,4660,0.7109,0.6716
50058-4,MDA-MB-231,10039-101-1,WH-4-025,0.37,uM,LJP5,72,hr,1235,1296,4660,0.2784,0.0244
50058-4,MDA-MB-231,10039-101-1,WH-4-025,1.11,uM,LJP5,72,hr,1235,861,4660,0.1845,-0.1736
50058-4,MDA-MB-231,10039-101-1,WH-4-025,3.33,uM,LJP5,72,hr,1235,880,4660,0.1891,-0.1628
50058-4,MDA-MB-231,10039-101-1,WH-4-025,10,uM,LJP5,72,hr,1235,420,4660,0.0906,-0.4310
50058-4,MDA-MB-231,10040-101-1,R406,0.04,uM,LJP6,72,hr,1235,4461,4405,1.0126,1.0129
50058-4,MDA-MB-231,10040-101-1,R406,0.12,uM,LJP6,72,hr,1235,4308,4405,0.9787,0.9771
50058-4,MDA-MB-231,10040-101-1,R406,0.37,uM,LJP6,72,hr,1235,4314,4405,0.9795,0.9768
50058-4,MDA-MB-231,10040-101-1,R406,1.11,uM,LJP6,72,hr,1235,4000,4405,0.9072,0.8937
50058-4,MDA-MB-231,10040-101-1,R406,3.33,uM,LJP6,72,hr,1235,3183,4405,0.7224,0.6725
50058-4,MDA-MB-231,10040-101-1,R406,10,uM,LJP6,72,hr,1235,1315,4405,0.2992,0.0343
50058-4,MDA-MB-231,10041-101-1,BI-2536,0.04,uM,LJP6,72,hr,1235,999,4405,0.2264,-0.1114
50058-4,MDA-MB-231,10041-101-1,BI-2536,0.12,uM,LJP6,72,hr,1235,1054,4405,0.2392,-0.0838
50058-4,MDA-MB-231,10041-101-1,BI-2536,0.37,uM,LJP6,72,hr,1235,1015,4405,0.2302,-0.1033
50058-4,MDA-MB-231,10041-101-1,BI-2536,1.11,uM,LJP6,72,hr,1235,1035,4405,0.2346,-0.0940
50058-4,MDA-MB-231,10041-101-1,BI-2536,3.33,uM,LJP6,72,hr,1235,1091,4405,0.2472,-0.0684
50058-4,MDA-MB-231,10041-101-1,BI-2536,10,uM,LJP6,72,hr,1235,617,4405,0.1398,-0.3171
50058-4,MDA-MB-231,10045-101-1,A443654,0.04,uM,LJP6,72,hr,1235,3529,4405,0.8022,0.7738
50058-4,MDA-MB-231,10045-101-1,A443654,0.12,uM,LJP6,72,hr,1235,2124,4405,0.4821,0.3429
50058-4,MDA-MB-231,10045-101-1,A443654,0.37,uM,LJP6,72,hr,1235,726,4405,0.1648,-0.2526
50058-4,MDA-MB-231,10045-101-1,A443654,1.11,uM,LJP6,72,hr,1235,525,4405,0.1199,-0.3748
50058-4,MDA-MB-231,10045-101-1,A443654,3.33,uM,LJP6,72,hr,1235,414,4405,0.0940,-0.4497
50058-4,MDA-MB-231,10045-101-1,A443654,10,uM,LJP6,72,hr,1235,344,4405,0.0782,-0.5024
50058-4,MDA-MB-231,10046-101-1,SB590885,0.04,uM,LJP5,72,hr,1235,4598,4660,0.9853,0.9832
50058-4,MDA-MB-231,10046-101-1,SB590885,0.12,uM,LJP5,72,hr,1235,4334,4660,0.9287,0.9228
50058-4,MDA-MB-231,10046-101-1,SB590885,0.37,uM,LJP5,72,hr,1235,4197,4660,0.8997,0.8918
50058-4,MDA-MB-231,10046-101-1,SB590885,1.11,uM,LJP5,72,hr,1235,4217,4660,0.9041,0.8967
50058-4,MDA-MB-231,10046-101-1,SB590885,3.33,uM,LJP5,72,hr,1235,3806,4660,0.8153,0.7959
50058-4,MDA-MB-231,10046-101-1,SB590885,10,uM,LJP5,72,hr,1235,280,4660,0.0601,-0.5400
50058-4,MDA-MB-231,10047-101-1,Pictilisib,0.04,uM,LJP6,72,hr,1235,3867,4405,0.8776,0.8620
50058-4,MDA-MB-231,10047-101-1,Pictilisib,0.12,uM,LJP6,72,hr,1235,3713,4405,0.8428,0.8216
50058-4,MDA-MB-231,10047-101-1,Pictilisib,0.37,uM,LJP6,72,hr,1235,3275,4405,0.7442,0.7021
50058-4,MDA-MB-231,10047-101-1,Pictilisib,1.11,uM,LJP6,72,hr,1235,2976,4405,0.6753,0.6140
50058-4,MDA-MB-231,10047-101-1,Pictilisib,3.33,uM,LJP6,72,hr,1235,2904,4405,0.6591,0.5928
50058-4,MDA-MB-231,10047-101-1,Pictilisib,10,uM,LJP6,72,hr,1235,1869,4405,0.4245,0.2528
50058-4,MDA-MB-231,10048-101-1,PD184352,0.04,uM,LJP5,72,hr,1235,4379,4660,0.9390,0.9346
50058-4,MDA-MB-231,10048-101-1,PD184352,0.12,uM,LJP5,72,hr,1235,4050,4660,0.8682,0.8568
50058-4,MDA-MB-231,10048-101-1,PD184352,0.37,uM,LJP5,72,hr,1235,3778,4660,0.8099,0.7905
50058-4,MDA-MB-231,10048-101-1,PD184352,1.11,uM,LJP5,72,hr,1235,3376,4660,0.7236,0.6880
50058-4,MDA-MB-231,10048-101-1,PD184352,3.33,uM,LJP5,72,hr,1235,2937,4660,0.6293,0.5681
50058-4,MDA-MB-231,10048-101-1,PD184352,10,uM,LJP5,72,hr,1235,1449,4660,0.3105,0.0845
50058-4,MDA-MB-231,10049-101-1,PLX-4720,0.04,uM,LJP5,72,hr,1235,4328,4660,0.9268,0.9198
50058-4,MDA-MB-231,10049-101-1,PLX-4720,0.12,uM,LJP5,72,hr,1235,4456,4660,0.9549,0.9512
50058-4,MDA-MB-231,10049-101-1,PLX-4720,0.37,uM,LJP5,72,hr,1235,4537,4660,0.9709,0.9663
50058-4,MDA-MB-231,10049-101-1,PLX-4720,1.11,uM,LJP5,72,hr,1235,4404,4660,0.9438,0.9394
50058-4,MDA-MB-231,10049-101-1,PLX-4720,3.33,uM,LJP5,72,hr,1235,4064,4660,0.8698,0.8567
50058-4,MDA-MB-231,10049-101-1,PLX-4720,10,uM,LJP5,72,hr,1235,3832,4660,0.8209,0.8015
50058-4,MDA-MB-231,10051-104-1,Lapatinib,0.04,uM,LJP6,72,hr,1235,3964,4405,0.8995,0.8872
50058-4,MDA-MB-231,10051-104-1,Lapatinib,0.12,uM,LJP6,72,hr,1235,4135,4405,0.9386,0.9319
50058-4,MDA-MB-231,10051-104-1,Lapatinib,0.37,uM,LJP6,72,hr,1235,4253,4405,0.9655,0.9621
50058-4,MDA-MB-231,10051-104-1,Lapatinib,1.11,uM,LJP6,72,hr,1235,4123,4405,0.9361,0.9293
50058-4,MDA-MB-231,10051-104-1,Lapatinib,3.33,uM,LJP6,72,hr,1235,4234,4405,0.9619,0.9585
50058-4,MDA-MB-231,10051-104-1,Lapatinib,10,uM,LJP6,72,hr,1235,2602,4405,0.5916,0.5020
50058-4,MDA-MB-231,10052-101-1,Sirolimus,0.04,uM,LJP6,72,hr,1235,3461,4405,0.7860,0.7536
50058-4,MDA-MB-231,10052-101-1,Sirolimus,0.12,uM,LJP6,72,hr,1235,3485,4405,0.7920,0.7614
50058-4,MDA-MB-231,10052-101-1,Sirolimus,0.37,uM,LJP6,72,hr,1235,3473,4405,0.7889,0.7574
50058-4,MDA-MB-231,10052-101-1,Sirolimus,1.11,uM,LJP6,72,hr,1235,3535,4405,0.8036,0.7754
50058-4,MDA-MB-231,10052-101-1,Sirolimus,3.33,uM,LJP6,72,hr,1235,3311,4405,0.7516,0.7112
50058-4,MDA-MB-231,10052-101-1,Sirolimus,10,uM,LJP6,72,hr,1235,3274,4405,0.7430,0.7002
50058-4,MDA-MB-231,10053-101-1,ZSTK474,0.04,uM,LJP6,72,hr,1235,3680,4405,0.8361,0.8142
50058-4,MDA-MB-231,10053-101-1,ZSTK474,0.12,uM,LJP6,72,hr,1235,3522,4405,0.8000,0.7710
50058-4,MDA-MB-231,10053-101-1,ZSTK474,0.37,uM,LJP6,72,hr,1235,3300,4405,0.7503,0.7101
50058-4,MDA-MB-231,10053-101-1,ZSTK474,1.11,uM,LJP6,72,hr,1235,2846,4405,0.6472,0.5774
50058-4,MDA-MB-231,10053-101-1,ZSTK474,3.33,uM,LJP6,72,hr,1235,2374,4405,0.5395,0.4279
50058-4,MDA-MB-231,10053-101-1,ZSTK474,10,uM,LJP6,72,hr,1235,1901,4405,0.4313,0.2620
50058-4,MDA-MB-231,10055-101-1,BX-912,0.04,uM,LJP5,72,hr,1235,4297,4660,0.9201,0.9126
50058-4,MDA-MB-231,10055-101-1,BX-912,0.12,uM,LJP5,72,hr,1235,3850,4660,0.8257,0.8085
50058-4,MDA-MB-231,10055-101-1,BX-912,0.37,uM,LJP5,72,hr,1235,2132,4660,0.4572,0.3274
50058-4,MDA-MB-231,10055-101-1,BX-912,1.11,uM,LJP5,72,hr,1235,1614,4660,0.3456,0.1468
50058-4,MDA-MB-231,10055-101-1,BX-912,3.33,uM,LJP5,72,hr,1235,1343,4660,0.2874,0.0410
50058-4,MDA-MB-231,10055-101-1,BX-912,10,uM,LJP5,72,hr,1235,663,4660,0.1417,-0.2808
50058-4,MDA-MB-231,10056-101-1,Selumetinib,0.04,uM,LJP6,72,hr,1235,3888,4405,0.8832,0.8691
50058-4,MDA-MB-231,10056-101-1,Selumetinib,0.12,uM,LJP6,72,hr,1235,3641,4405,0.8273,0.8039
50058-4,MDA-MB-231,10056-101-1,Selumetinib,0.37,uM,LJP6,72,hr,1235,3086,4405,0.7006,0.6469
50058-4,MDA-MB-231,10056-101-1,Selumetinib,1.11,uM,LJP6,72,hr,1235,2705,4405,0.6153,0.5342
50058-4,MDA-MB-231,10056-101-1,Selumetinib,3.33,uM,LJP6,72,hr,1235,2332,4405,0.5296,0.4138
50058-4,MDA-MB-231,10056-101-1,Selumetinib,10,uM,LJP6,72,hr,1235,1577,4405,0.3581,0.1418
50058-4,MDA-MB-231,10057-102-1,MK2206,0.04,uM,LJP6,72,hr,1235,4100,4405,0.9310,0.9237
50058-4,MDA-MB-231,10057-102-1,MK2206,0.12,uM,LJP6,72,hr,1235,3998,4405,0.9080,0.8976
50058-4,MDA-MB-231,10057-102-1,MK2206,0.37,uM,LJP6,72,hr,1235,3881,4405,0.8809,0.8661
50058-4,MDA-MB-231,10057-102-1,MK2206,1.11,uM,LJP6,72,hr,1235,3694,4405,0.8395,0.8182
50058-4,MDA-MB-231,10057-102-1,MK2206,3.33,uM,LJP6,72,hr,1235,3454,4405,0.7849,0.7523
50058-4,MDA-MB-231,10057-102-1,MK2206,10,uM,LJP6,72,hr,1235,1856,4405,0.4218,0.2441
50058-4,MDA-MB-231,10059-101-1,AZD-6482,0.04,uM,LJP5,72,hr,1235,4318,4660,0.9267,0.9220
50058-4,MDA-MB-231,10059-101-1,AZD-6482,0.12,uM,LJP5,72,hr,1235,4131,4660,0.8862,0.8769
50058-4,MDA-MB-231,10059-101-1,AZD-6482,0.37,uM,LJP5,72,hr,1235,3974,4660,0.8533,0.8412
50058-4,MDA-MB-231,10059-101-1,AZD-6482,1.11,uM,LJP5,72,hr,1235,3777,4660,0.8101,0.7911
50058-4,MDA-MB-231,10059-101-1,AZD-6482,3.33,uM,LJP5,72,hr,1235,3381,4660,0.7251,0.6898
50058-4,MDA-MB-231,10059-101-1,AZD-6482,10,uM,LJP5,72,hr,1235,3063,4660,0.6573,0.6058
50058-4,MDA-MB-231,10061-101-1,NU7441,0.04,uM,LJP5,72,hr,1235,4817,4660,1.0351,1.0372
50058-4,MDA-MB-231,10061-101-1,NU7441,0.12,uM,LJP5,72,hr,1235,4631,4660,0.9979,0.9983
50058-4,MDA-MB-231,10061-101-1,NU7441,0.37,uM,LJP5,72,hr,1235,4558,4660,0.9797,0.9796
50058-4,MDA-MB-231,10061-101-1,NU7441,1.11,uM,LJP5,72,hr,1235,4212,4660,0.9055,0.8997
50058-4,MDA-MB-231,10061-101-1,NU7441,3.33,uM,LJP5,72,hr,1235,2712,4660,0.5852,0.5096
50058-4,MDA-MB-231,10061-101-1,NU7441,10,uM,LJP5,72,hr,1235,1195,4660,0.2572,-0.0169
50058-4,MDA-MB-231,10063-102-1,OSI-027,0.04,uM,LJP6,72,hr,1235,4518,4405,1.0262,1.0286
50058-4,MDA-MB-231,10063-102-1,OSI-027,0.12,uM,LJP6,72,hr,1235,4078,4405,0.9253,0.9142
50058-4,MDA-MB-231,10063-102-1,OSI-027,0.37,uM,LJP6,72,hr,1235,3706,4405,0.8424,0.8201
50058-4,MDA-MB-231,10063-102-1,OSI-027,1.11,uM,LJP6,72,hr,1235,3459,4405,0.7867,0.7548
50058-4,MDA-MB-231,10063-102-1,OSI-027,3.33,uM,LJP6,72,hr,1235,2665,4405,0.6061,0.5215
50058-4,MDA-MB-231,10063-102-1,OSI-027,10,uM,LJP6,72,hr,1235,1591,4405,0.3611,0.1466
50058-4,MDA-MB-231,10064-101-1,WYE-125132,0.04,uM,LJP6,72,hr,1235,2048,4405,0.4644,0.3153
50058-4,MDA-MB-231,10064-101-1,WYE-125132,0.12,uM,LJP6,72,hr,1235,1684,4405,0.3823,0.1832
50058-4,MDA-MB-231,10064-101-1,WYE-125132,0.37,uM,LJP6,72,hr,1235,1597,4405,0.3626,0.1497
50058-4,MDA-MB-231,10064-101-1,WYE-125132,1.11,uM,LJP6,72,hr,1235,1697,4405,0.3855,0.1889
50058-4,MDA-MB-231,10064-101-1,WYE-125132,3.33,uM,LJP6,72,hr,1235,1552,4405,0.3526,0.1324
50058-4,MDA-MB-231,10064-101-1,WYE-125132,10,uM,LJP6,72,hr,1235,1212,4405,0.2753,-0.0108
50058-4,MDA-MB-231,10067-101-1,Barasertib,0.04,uM,LJP5,72,hr,1235,1520,4660,0.3265,0.1139
50058-4,MDA-MB-231,10067-101-1,Barasertib,0.12,uM,LJP5,72,hr,1235,1523,4660,0.3277,0.1159
50058-4,MDA-MB-231,10067-101-1,Barasertib,0.37,uM,LJP5,72,hr,1235,1541,4660,0.3327,0.1231
50058-4,MDA-MB-231,10067-101-1,Barasertib,1.11,uM,LJP5,72,hr,1235,1451,4660,0.3114,0.0866
50058-4,MDA-MB-231,10067-101-1,Barasertib,3.33,uM,LJP5,72,hr,1235,1444,4660,0.3109,0.0853
50058-4,MDA-MB-231,10067-101-1,Barasertib,10,uM,LJP5,72,hr,1235,1397,4660,0.3003,0.0663
50058-4,MDA-MB-231,10068-101-1,Vemurafenib,0.04,uM,LJP5,72,hr,1235,4745,4660,1.0211,1.0230
50058-4,MDA-MB-231,10068-101-1,Vemurafenib,0.12,uM,LJP5,72,hr,1235,4648,4660,0.9988,0.9996
50058-4,MDA-MB-231,10068-101-1,Vemurafenib,0.37,uM,LJP5,72,hr,1235,4614,4660,0.9922,0.9928
50058-4,MDA-MB-231,10068-101-1,Vemurafenib,1.11,uM,LJP5,72,hr,1235,4371,4660,0.9393,0.9359
50058-4,MDA-MB-231,10068-101-1,Vemurafenib,3.33,uM,LJP5,72,hr,1235,4224,4660,0.9066,0.9002
50058-4,MDA-MB-231,10068-101-1,Vemurafenib,10,uM,LJP5,72,hr,1235,2280,4660,0.4894,0.3762
50058-4,MDA-MB-231,10069-101-1,Enzastaurin,0.04,uM,LJP5,72,hr,1235,4685,4660,1.0065,1.0073
50058-4,MDA-MB-231,10069-101-1,Enzastaurin,0.12,uM,LJP5,72,hr,1235,4878,4660,1.0475,1.0495
50058-4,MDA-MB-231,10069-101-1,Enzastaurin,0.37,uM,LJP5,72,hr,1235,4829,4660,1.0378,1.0399
50058-4,MDA-MB-231,10069-101-1,Enzastaurin,1.11,uM,LJP5,72,hr,1235,4883,4660,1.0496,1.0523
50058-4,MDA-MB-231,10069-101-1,Enzastaurin,3.33,uM,LJP5,72,hr,1235,4809,4660,1.0325,1.0341
50058-4,MDA-MB-231,10069-101-1,Enzastaurin,10,uM,LJP5,72,hr,1235,5177,4660,1.1109,1.1130
50058-4,MDA-MB-231,10071-101-1,Palbociclib,0.04,uM,LJP6,72,hr,1235,2837,4405,0.6438,0.5726
50058-4,MDA-MB-231,10071-101-1,Palbociclib,0.12,uM,LJP6,72,hr,1235,2570,4405,0.5834,0.4902
50058-4,MDA-MB-231,10071-101-1,Palbociclib,0.37,uM,LJP6,72,hr,1235,2272,4405,0.5162,0.3939
50058-4,MDA-MB-231,10071-101-1,Palbociclib,1.11,uM,LJP6,72,hr,1235,2231,4405,0.5062,0.3788
50058-4,MDA-MB-231,10071-101-1,Palbociclib,3.33,uM,LJP6,72,hr,1235,2077,4405,0.4721,0.3271
50058-4,MDA-MB-231,10071-101-1,Palbociclib,10,uM,LJP6,72,hr,1235,1812,4405,0.4124,0.2330
50058-4,MDA-MB-231,10072-101-1,PF562271,0.04,uM,LJP6,72,hr,1235,3875,4405,0.8803,0.8659
50058-4,MDA-MB-231,10072-101-1,PF562271,0.12,uM,LJP6,72,hr,1235,3386,4405,0.7683,0.7315
50058-4,MDA-MB-231,10072-101-1,PF562271,0.37,uM,LJP6,72,hr,1235,3116,4405,0.7068,0.6541
50058-4,MDA-MB-231,10072-101-1,PF562271,1.11,uM,LJP6,72,hr,1235,2354,4405,0.5345,0.4208
50058-4,MDA-MB-231,10072-101-1,PF562271,3.33,uM,LJP6,72,hr,1235,1258,4405,0.2850,0.0072
50058-4,MDA-MB-231,10072-101-1,PF562271,10,uM,LJP6,72,hr,1235,460,4405,0.1045,-0.4169
50058-4,MDA-MB-231,10073-101-1,PHA-793887,0.04,uM,LJP6,72,hr,1235,2392,4405,0.5431,0.4333
50058-4,MDA-MB-231,10073-101-1,PHA-793887,0.12,uM,LJP6,72,hr,1235,1698,4405,0.3855,0.1887
50058-4,MDA-MB-231,10073-101-1,PHA-793887,0.37,uM,LJP6,72,hr,1235,1167,4405,0.2649,-0.0315
50058-4,MDA-MB-231,10073-101-1,PHA-793887,1.11,uM,LJP6,72,hr,1235,924,4405,0.2094,-0.1486
50058-4,MDA-MB-231,10073-101-1,PHA-793887,3.33,uM,LJP6,72,hr,1235,690,4405,0.1567,-0.2726
50058-4,MDA-MB-231,10073-101-1,PHA-793887,10,uM,LJP6,72,hr,1235,398,4405,0.0905,-0.4615
50058-4,MDA-MB-231,10075-101-1,QL-X-138,0.04,uM,LJP6,72,hr,1235,4105,4405,0.9329,0.9261
50058-4,MDA-MB-231,10075-101-1,QL-X-138,0.12,uM,LJP6,72,hr,1235,3854,4405,0.8755,0.8602
50058-4,MDA-MB-231,10075-101-1,QL-X-138,0.37,uM,LJP6,72,hr,1235,3389,4405,0.7695,0.7335
50058-4,MDA-MB-231,10075-101-1,QL-X-138,1.11,uM,LJP6,72,hr,1235,2766,4405,0.6279,0.5514
50058-4,MDA-MB-231,10075-101-1,QL-X-138,3.33,uM,LJP6,72,hr,1235,2125,4405,0.4828,0.3442
50058-4,MDA-MB-231,10075-101-1,QL-X-138,10,uM,LJP6,72,hr,1235,760,4405,0.1723,-0.2345
50058-4,MDA-MB-231,10077-101-1,QL-XII-47,0.04,uM,LJP6,72,hr,1235,2742,4405,0.6230,0.5450
50058-4,MDA-MB-231,10077-101-1,QL-XII-47,0.12,uM,LJP6,72,hr,1235,2314,4405,0.5247,0.4058
50058-4,MDA-MB-231,10077-101-1,QL-XII-47,0.37,uM,LJP6,72,hr,1235,1785,4405,0.4047,0.2201
50058-4,MDA-MB-231,10077-101-1,QL-XII-47,1.11,uM,LJP6,72,hr,1235,1211,4405,0.2752,-0.0111
50058-4,MDA-MB-231,10077-101-1,QL-XII-47,3.33,uM,LJP6,72,hr,1235,997,4405,0.2266,-0.1107
50058-4,MDA-MB-231,10077-101-1,QL-XII-47,10,uM,LJP6,72,hr,1235,717,4405,0.1634,-0.2569
50058-4,MDA-MB-231,10079-101-1,Torin1,0.04,uM,LJP6,72,hr,1235,2359,4405,0.5361,0.4229
50058-4,MDA-MB-231,10079-101-1,Torin1,0.12,uM,LJP6,72,hr,1235,1985,4405,0.4515,0.2944
50058-4,MDA-MB-231,10079-101-1,Torin1,0.37,uM,LJP6,72,hr,1235,1650,4405,0.3748,0.1702
50058-4,MDA-MB-231,10079-101-1,Torin1,1.11,uM,LJP6,72,hr,1235,1541,4405,0.3508,0.1279
50058-4,MDA-MB-231,10079-101-1,Torin1,3.33,uM,LJP6,72,hr,1235,1409,4405,0.3210,0.0730
50058-4,MDA-MB-231,10079-101-1,Torin1,10,uM,LJP6,72,hr,1235,987,4405,0.2243,-0.1158
50058-4,MDA-MB-231,10080-101-1,Torin2,0.04,uM,LJP5,72,hr,1235,1584,4660,0.3398,0.1371
50058-4,MDA-MB-231,10080-101-1,Torin2,0.12,uM,LJP5,72,hr,1235,1291,4660,0.2762,0.0194
50058-4,MDA-MB-231,10080-101-1,Torin2,0.37,uM,LJP5,72,hr,1235,1087,4660,0.2330,-0.0664
50058-4,MDA-MB-231,10080-101-1,Torin2,1.11,uM,LJP5,72,hr,1235,956,4660,0.2054,-0.1258
50058-4,MDA-MB-231,10080-101-1,Torin2,3.33,uM,LJP5,72,hr,1235,428,4660,0.0890,-0.5267
50058-4,MDA-MB-231,10080-101-1,Torin2,10,uM,LJP5,72,hr,1235,534,4660,0.1141,-0.3578
50058-4,MDA-MB-231,10082-101-1,WZ-4-145,0.04,uM,LJP6,72,hr,1235,3498,4405,0.7947,0.7646
50058-4,MDA-MB-231,10082-101-1,WZ-4-145,0.12,uM,LJP6,72,hr,1235,3493,4405,0.7937,0.7634
50058-4,MDA-MB-231,10082-101-1,WZ-4-145,0.37,uM,LJP6,72,hr,1235,3218,4405,0.7305,0.6849
50058-4,MDA-MB-231,10082-101-1,WZ-4-145,1.11,uM,LJP6,72,hr,1235,2984,4405,0.6775,0.6172
50058-4,MDA-MB-231,10082-101-1,WZ-4-145,3.33,uM,LJP6,72,hr,1235,2486,4405,0.5644,0.4638
50058-4,MDA-MB-231,10082-101-1,WZ-4-145,10,uM,LJP6,72,hr,1235,552,4405,0.1252,-0.3563
50058-4,MDA-MB-231,10084-101-1,WZ3105,0.04,uM,LJP5,72,hr,1235,498,4660,0.1069,-0.3788
50058-4,MDA-MB-231,10084-101-1,WZ3105,0.12,uM,LJP5,72,hr,1235,471,4660,0.1015,-0.3959
50058-4,MDA-MB-231,10084-101-1,WZ3105,0.37,uM,LJP5,72,hr,1235,461,4660,0.0989,-0.4035
50058-4,MDA-MB-231,10084-101-1,WZ3105,1.11,uM,LJP5,72,hr,1235,446,4660,0.0961,-0.4133
50058-4,MDA-MB-231,10084-101-1,WZ3105,3.33,uM,LJP5,72,hr,1235,518,4660,0.1113,-0.3654
50058-4,MDA-MB-231,10084-101-1,WZ3105,10,uM,LJP5,72,hr,1235,702,4660,0.1503,-0.2580
50058-4,MDA-MB-231,10086-101-1,XMD11-50,0.04,uM,LJP6,72,hr,1235,3862,4405,0.8769,0.8616
50058-4,MDA-MB-231,10086-101-1,XMD11-50,0.12,uM,LJP6,72,hr,1235,3405,4405,0.7719,0.7353
50058-4,MDA-MB-231,10086-101-1,XMD11-50,0.37,uM,LJP6,72,hr,1235,2667,4405,0.6060,0.5217
50058-4,MDA-MB-231,10086-101-1,XMD11-50,1.11,uM,LJP6,72,hr,1235,2134,4405,0.4838,0.3447
50058-4,MDA-MB-231,10086-101-1,XMD11-50,3.33,uM,LJP6,72,hr,1235,1616,4405,0.3671,0.1575
50058-4,MDA-MB-231,10086-101-1,XMD11-50,10,uM,LJP6,72,hr,1235,1168,4405,0.2652,-0.0309
50058-4,MDA-MB-231,10087-101-1,XMD11-85h,0.04,uM,LJP6,72,hr,1235,3707,4405,0.8407,0.8177
50058-4,MDA-MB-231,10087-101-1,XMD11-85h,0.12,uM,LJP6,72,hr,1235,4028,4405,0.9139,0.9037
50058-4,MDA-MB-231,10087-101-1,XMD11-85h,0.37,uM,LJP6,72,hr,1235,3933,4405,0.8927,0.8797
50058-4,MDA-MB-231,10087-101-1,XMD11-85h,1.11,uM,LJP6,72,hr,1235,3800,4405,0.8623,0.8443
50058-4,MDA-MB-231,10087-101-1,XMD11-85h,3.33,uM,LJP6,72,hr,1235,3577,4405,0.8112,0.7831
50058-4,MDA-MB-231,10087-101-1,XMD11-85h,10,uM,LJP6,72,hr,1235,1803,4405,0.4097,0.2290
50058-4,MDA-MB-231,10091-101-1,XMD16-144,0.04,uM,LJP5,72,hr,1235,1465,4660,0.3148,0.0930
50058-4,MDA-MB-231,10091-101-1,XMD16-144,0.12,uM,LJP5,72,hr,1235,1357,4660,0.2912,0.0492
50058-4,MDA-MB-231,10091-101-1,XMD16-144,0.37,uM,LJP5,72,hr,1235,1462,4660,0.3134,0.0899
50058-4,MDA-MB-231,10091-101-1,XMD16-144,1.11,uM,LJP5,72,hr,1235,1315,4660,0.2825,0.0328
50058-4,MDA-MB-231,10091-101-1,XMD16-144,3.33,uM,LJP5,72,hr,1235,1180,4660,0.2533,-0.0245
50058-4,MDA-MB-231,10091-101-1,XMD16-144,10,uM,LJP5,72,hr,1235,699,4660,0.1498,-0.2589
50058-4,MDA-MB-231,10097-101-1,Erlotinib,0.04,uM,LJP5,72,hr,1235,4266,4660,0.9140,0.9066
50058-4,MDA-MB-231,10097-101-1,Erlotinib,0.12,uM,LJP5,72,hr,1235,4277,4660,0.9160,0.9087
50058-4,MDA-MB-231,10097-101-1,Erlotinib,0.37,uM,LJP5,72,hr,1235,4306,4660,0.9232,0.9175
50058-4,MDA-MB-231,10097-101-1,Erlotinib,1.11,uM,LJP5,72,hr,1235,4322,4660,0.9265,0.9210
50058-4,MDA-MB-231,10097-101-1,Erlotinib,3.33,uM,LJP5,72,hr,1235,4459,4660,0.9556,0.9518
50058-4,MDA-MB-231,10097-101-1,Erlotinib,10,uM,LJP5,72,hr,1235,3254,4660,0.6968,0.6539
50058-4,MDA-MB-231,10098-101-1,Gefitinib,0.04,uM,LJP6,72,hr,1235,4483,4405,1.0184,1.0203
50058-4,MDA-MB-231,10098-101-1,Gefitinib,0.12,uM,LJP6,72,hr,1235,4265,4405,0.9693,0.9667
50058-4,MDA-MB-231,10098-101-1,Gefitinib,0.37,uM,LJP6,72,hr,1235,4443,4405,1.0101,1.0114
50058-4,MDA-MB-231,10098-101-1,Gefitinib,1.11,uM,LJP6,72,hr,1235,4362,4405,0.9919,0.9917
50058-4,MDA-MB-231,10098-101-1,Gefitinib,3.33,uM,LJP6,72,hr,1235,4163,4405,0.9461,0.9410
50058-4,MDA-MB-231,10098-101-1,Gefitinib,10,uM,LJP6,72,hr,1235,3948,4405,0.8965,0.8844
50058-4,MDA-MB-231,10099-101-1,Nilotinib,0.04,uM,LJP5,72,hr,1235,4444,4660,0.9513,0.9459
50058-4,MDA-MB-231,10099-101-1,Nilotinib,0.12,uM,LJP5,72,hr,1235,4416,4660,0.9456,0.9401
50058-4,MDA-MB-231,10099-101-1,Nilotinib,0.37,uM,LJP5,72,hr,1235,4298,4660,0.9204,0.9129
50058-4,MDA-MB-231,10099-101-1,Nilotinib,1.11,uM,LJP5,72,hr,1235,4108,4660,0.8788,0.8662
50058-4,MDA-MB-231,10099-101-1,Nilotinib,3.33,uM,LJP5,72,hr,1235,4171,4660,0.8937,0.8847
50058-4,MDA-MB-231,10099-101-1,Nilotinib,10,uM,LJP5,72,hr,1235,1004,4660,0.2156,-0.1034
50058-4,MDA-MB-231,10100-101-1,JNK-9L,0.04,uM,LJP6,72,hr,1235,3882,4405,0.8812,0.8665
50058-4,MDA-MB-231,10100-101-1,JNK-9L,0.12,uM,LJP6,72,hr,1235,3525,4405,0.7994,0.7687
50058-4,MDA-MB-231,10100-101-1,JNK-9L,0.37,uM,LJP6,72,hr,1235,2281,4405,0.5172,0.3943
50058-4,MDA-MB-231,10100-101-1,JNK-9L,1.11,uM,LJP6,72,hr,1235,863,4405,0.1958,-0.1789
50058-4,MDA-MB-231,10100-101-1,JNK-9L,3.33,uM,LJP6,72,hr,1235,687,4405,0.1560,-0.2744
50058-4,MDA-MB-231,10100-101-1,JNK-9L,10,uM,LJP6,72,hr,1235,541,4405,0.1230,-0.3626
50058-4,MDA-MB-231,10101-101-1,PD0325901,0.04,uM,LJP5,72,hr,1235,3358,4660,0.7214,0.6865
50058-4,MDA-MB-231,10101-101-1,PD0325901,0.04,uM,LJP6,72,hr,1235,2984,4405,0.6765,0.6143
50058-4,MDA-MB-231,10101-101-1,PD0325901,0.12,uM,LJP5,72,hr,1235,2470,4660,0.5306,0.4358
50058-4,MDA-MB-231,10101-101-1,PD0325901,0.12,uM,LJP6,72,hr,1235,2428,4405,0.5513,0.4448
50058-4,MDA-MB-231,10101-101-1,PD0325901,0.37,uM,LJP5,72,hr,1235,1847,4660,0.3962,0.2321
50058-4,MDA-MB-231,10101-101-1,PD0325901,0.37,uM,LJP6,72,hr,1235,1800,4405,0.4084,0.2264
50058-4,MDA-MB-231,10101-101-1,PD0325901,1.11,uM,LJP5,72,hr,1235,1295,4660,0.2778,0.0235
50058-4,MDA-MB-231,10101-101-1,PD0325901,1.11,uM,LJP6,72,hr,1235,1069,4405,0.2412,-0.0876
50058-4,MDA-MB-231,10101-101-1,PD0325901,3.33,uM,LJP5,72,hr,1235,1034,4660,0.2221,-0.0896
50058-4,MDA-MB-231,10101-101-1,PD0325901,3.33,uM,LJP6,72,hr,1235,735,4405,0.1652,-0.2656
50058-4,MDA-MB-231,10101-101-1,PD0325901,10,uM,LJP5,72,hr,1235,835,4660,0.1785,-0.1906
50058-4,MDA-MB-231,10101-101-1,PD0325901,10,uM,LJP6,72,hr,1235,641,4405,0.1438,-0.3232
50058-4,MDA-MB-231,10108-101-1,Geldanamycin,0.04,uM,LJP5,72,hr,1235,2583,4660,0.5519,0.4620
50058-4,MDA-MB-231,10108-101-1,Geldanamycin,0.04,uM,LJP6,72,hr,1235,1876,4405,0.4230,0.2377
50058-4,MDA-MB-231,10108-101-1,Geldanamycin,0.12,uM,LJP5,72,hr,1235,1210,4660,0.2586,-0.0155
50058-4,MDA-MB-231,10108-101-1,Geldanamycin,0.12,uM,LJP6,72,hr,1235,1101,4405,0.2497,-0.0626
50058-4,MDA-MB-231,10108-101-1,Geldanamycin,0.37,uM,LJP5,72,hr,1235,944,4660,0.2028,-0.1319
50058-4,MDA-MB-231,10108-101-1,Geldanamycin,0.37,uM,LJP6,72,hr,1235,876,4405,0.1986,-0.1728
50058-4,MDA-MB-231,10108-101-1,Geldanamycin,1.11,uM,LJP5,72,hr,1235,842,4660,0.1811,-0.1815
50058-4,MDA-MB-231,10108-101-1,Geldanamycin,1.11,uM,LJP6,72,hr,1235,674,4405,0.1521,-0.2886
50058-4,MDA-MB-231,10108-101-1,Geldanamycin,3.33,uM,LJP5,72,hr,1235,743,4660,0.1595,-0.2339
50058-4,MDA-MB-231,10108-101-1,Geldanamycin,3.33,uM,LJP6,72,hr,1235,596,4405,0.1343,-0.3428
50058-4,MDA-MB-231,10108-101-1,Geldanamycin,10,uM,LJP5,72,hr,1235,541,4660,0.1163,-0.3517
50058-4,MDA-MB-231,10108-101-1,Geldanamycin,10,uM,LJP6,72,hr,1235,334,4405,0.0750,-0.5239
50058-4,MDA-MB-231,10109-101-1,YM 201636,0.04,uM,LJP5,72,hr,1235,4673,4660,1.0019,1.0012
50058-4,MDA-MB-231,10109-101-1,YM 201636,0.12,uM,LJP5,72,hr,1235,4204,4660,0.8999,0.8902
50058-4,MDA-MB-231,10109-101-1,YM 201636,0.37,uM,LJP5,72,hr,1235,3734,4660,0.7985,0.7746
50058-4,MDA-MB-231,10109-101-1,YM 201636,1.11,uM,LJP5,72,hr,1235,3223,4660,0.6888,0.6417
50058-4,MDA-MB-231,10109-101-1,YM 201636,3.33,uM,LJP5,72,hr,1235,2698,4660,0.5776,0.4991
50058-4,MDA-MB-231,10109-101-1,YM 201636,10,uM,LJP5,72,hr,1235,986,4660,0.2113,-0.1132
50058-4,MDA-MB-231,10111-101-1,TWS119,0.04,uM,LJP5,72,hr,1235,4320,4660,0.9235,0.9138
50058-4,MDA-MB-231,10111-101-1,TWS119,0.12,uM,LJP5,72,hr,1235,4211,4660,0.9012,0.8914
50058-4,MDA-MB-231,10111-101-1,TWS119,0.37,uM,LJP5,72,hr,1235,4018,4660,0.8611,0.8486
50058-4,MDA-MB-231,10111-101-1,TWS119,1.11,uM,LJP5,72,hr,1235,3605,4660,0.7727,0.7470
50058-4,MDA-MB-231,10111-101-1,TWS119,3.33,uM,LJP5,72,hr,1235,3040,4660,0.6522,0.5986
50058-4,MDA-MB-231,10111-101-1,TWS119,10,uM,LJP5,72,hr,1235,1299,4660,0.2794,0.0267
50058-4,MDA-MB-231,10112-101-1,PF477736,0.04,uM,LJP5,72,hr,1235,4350,4660,0.9335,0.9290
50058-4,MDA-MB-231,10112-101-1,PF477736,0.12,uM,LJP5,72,hr,1235,3964,4660,0.8499,0.8363
50058-4,MDA-MB-231,10112-101-1,PF477736,0.37,uM,LJP5,72,hr,1235,3065,4660,0.6560,0.6024
50058-4,MDA-MB-231,10112-101-1,PF477736,1.11,uM,LJP5,72,hr,1235,2190,4660,0.4699,0.3469
50058-4,MDA-MB-231,10112-101-1,PF477736,3.33,uM,LJP5,72,hr,1235,1498,4660,0.3213,0.1044
50058-4,MDA-MB-231,10112-101-1,PF477736,10,uM,LJP5,72,hr,1235,888,4660,0.1908,-0.1590
50058-4,MDA-MB-231,10115-102-1,LDN-193189,0.04,uM,LJP5,72,hr,1235,4445,4660,0.9537,0.9510
50058-4,MDA-MB-231,10115-102-1,LDN-193189,0.12,uM,LJP5,72,hr,1235,4154,4660,0.8917,0.8837
50058-4,MDA-MB-231,10115-102-1,LDN-193189,0.37,uM,LJP5,72,hr,1235,4088,4660,0.8758,0.8644
50058-4,MDA-MB-231,10115-102-1,LDN-193189,1.11,uM,LJP5,72,hr,1235,3301,4660,0.7103,0.6729
50058-4,MDA-MB-231,10115-102-1,LDN-193189,3.33,uM,LJP5,72,hr,1235,357,4660,0.0768,-0.4791
50058-4,MDA-MB-231,10115-102-1,LDN-193189,10,uM,LJP5,72,hr,1235,522,4660,0.1116,-0.3650
50058-4,MDA-MB-231,10116-101-1,PF431396,0.04,uM,LJP5,72,hr,1235,4058,4660,0.8727,0.8630
50058-4,MDA-MB-231,10116-101-1,PF431396,0.12,uM,LJP5,72,hr,1235,3390,4660,0.7286,0.6951
50058-4,MDA-MB-231,10116-101-1,PF431396,0.37,uM,LJP5,72,hr,1235,1914,4660,0.4111,0.2564
50058-4,MDA-MB-231,10116-101-1,PF431396,1.11,uM,LJP5,72,hr,1235,1535,4660,0.3300,0.1201
50058-4,MDA-MB-231,10116-101-1,PF431396,3.33,uM,LJP5,72,hr,1235,1271,4660,0.2732,0.0147
50058-4,MDA-MB-231,10116-101-1,PF431396,10,uM,LJP5,72,hr,1235,433,4660,0.0931,-0.4225
50058-4,MDA-MB-231,10117-101-1,Celastrol,0.04,uM,LJP6,72,hr,1235,5069,4405,1.1523,1.1611
50058-4,MDA-MB-231,10117-101-1,Celastrol,0.12,uM,LJP6,72,hr,1235,4729,4405,1.0746,1.0791
50058-4,MDA-MB-231,10117-101-1,Celastrol,0.37,uM,LJP6,72,hr,1235,3589,4405,0.8145,0.7874
50058-4,MDA-MB-231,10117-101-1,Celastrol,1.11,uM,LJP6,72,hr,1235,852,4405,0.1940,-0.1844
50058-4,MDA-MB-231,10117-101-1,Celastrol,3.33,uM,LJP6,72,hr,1235,780,4405,0.1772,-0.2223
50058-4,MDA-MB-231,10117-101-1,Celastrol,10,uM,LJP6,72,hr,1235,259,4405,0.0586,-0.5763
50058-4,MDA-MB-231,10119-101-1,SU11274,0.04,uM,LJP5,72,hr,1235,4689,4660,1.0060,1.0062
50058-4,MDA-MB-231,10119-101-1,SU11274,0.12,uM,LJP5,72,hr,1235,4521,4660,0.9691,0.9665
50058-4,MDA-MB-231,10119-101-1,SU11274,0.37,uM,LJP5,72,hr,1235,4429,4660,0.9495,0.9454
50058-4,MDA-MB-231,10119-101-1,SU11274,1.11,uM,LJP5,72,hr,1235,4176,4660,0.8960,0.8881
50058-4,MDA-MB-231,10119-101-1,SU11274,3.33,uM,LJP5,72,hr,1235,3672,4660,0.7873,0.7642
50058-4,MDA-MB-231,10119-101-1,SU11274,10,uM,LJP5,72,hr,1235,1156,4660,0.2478,-0.0357
50058-4,MDA-MB-231,10120-102-1,Canertinib,0.04,uM,LJP6,72,hr,1235,4465,4405,1.0137,1.0151
50058-4,MDA-MB-231,10120-102-1,Canertinib,0.12,uM,LJP6,72,hr,1235,4322,4405,0.9808,0.9787
50058-4,MDA-MB-231,10120-102-1,Canertinib,0.37,uM,LJP6,72,hr,1235,4023,4405,0.9129,0.9026
50058-4,MDA-MB-231,10120-102-1,Canertinib,1.11,uM,LJP6,72,hr,1235,3446,4405,0.7819,0.7482
50058-4,MDA-MB-231,10120-102-1,Canertinib,3.33,uM,LJP6,72,hr,1235,2468,4405,0.5613,0.4593
50058-4,MDA-MB-231,10120-102-1,Canertinib,10,uM,LJP6,72,hr,1235,635,4405,0.1440,-0.3059
50058-4,MDA-MB-231,10122-101-1,NVP-AEW541,0.04,uM,LJP5,72,hr,1235,4811,4660,1.0342,1.0363
50058-4,MDA-MB-231,10122-101-1,NVP-AEW541,0.12,uM,LJP5,72,hr,1235,4801,4660,1.0313,1.0332
50058-4,MDA-MB-231,10122-101-1,NVP-AEW541,0.37,uM,LJP5,72,hr,1235,4603,4660,0.9899,0.9904
50058-4,MDA-MB-231,10122-101-1,NVP-AEW541,1.11,uM,LJP5,72,hr,1235,4625,4660,0.9930,0.9927
50058-4,MDA-MB-231,10122-101-1,NVP-AEW541,3.33,uM,LJP5,72,hr,1235,4489,4660,0.9634,0.9614
50058-4,MDA-MB-231,10122-101-1,NVP-AEW541,10,uM,LJP5,72,hr,1235,1349,4660,0.2868,0.0328
50058-4,MDA-MB-231,10125-101-1,PHA-665752,0.04,uM,LJP5,72,hr,1235,4901,4660,1.0529,1.0554
50058-4,MDA-MB-231,10125-101-1,PHA-665752,0.12,uM,LJP5,72,hr,1235,4659,4660,1.0008,1.0015
50058-4,MDA-MB-231,10125-101-1,PHA-665752,0.37,uM,LJP5,72,hr,1235,4719,4660,1.0126,1.0131
50058-4,MDA-MB-231,10125-101-1,PHA-665752,1.11,uM,LJP5,72,hr,1235,4645,4660,0.9983,0.9991
50058-4,MDA-MB-231,10125-101-1,PHA-665752,3.33,uM,LJP5,72,hr,1235,4343,4660,0.9333,0.9299
50058-4,MDA-MB-231,10125-101-1,PHA-665752,10,uM,LJP5,72,hr,1235,131,4660,0.0282,-0.6902
50058-4,MDA-MB-231,10126-101-1,PI103,0.04,uM,LJP6,72,hr,1235,3222,4405,0.7319,0.6869
50058-4,MDA-MB-231,10126-101-1,PI103,0.12,uM,LJP6,72,hr,1235,2668,4405,0.6061,0.5220
50058-4,MDA-MB-231,10126-101-1,PI103,0.37,uM,LJP6,72,hr,1235,1617,4405,0.3721,0.1286
50058-4,MDA-MB-231,10126-101-1,PI103,1.11,uM,LJP6,72,hr,1235,1835,4405,0.4173,0.2406
50058-4,MDA-MB-231,10126-101-1,PI103,3.33,uM,LJP6,72,hr,1235,1612,4405,0.3664,0.1556
50058-4,MDA-MB-231,10126-101-1,PI103,10,uM,LJP6,72,hr,1235,1139,4405,0.2586,-0.0442
50058-4,MDA-MB-231,10127-101-1,Dovitinib,0.04,uM,LJP5,72,hr,1235,4560,4660,0.9773,0.9749
50058-4,MDA-MB-231,10127-101-1,Dovitinib,0.12,uM,LJP5,72,hr,1235,3912,4660,0.8390,0.8241
50058-4,MDA-MB-231,10127-101-1,Dovitinib,0.37,uM,LJP5,72,hr,1235,2602,4660,0.5562,0.4684
50058-4,MDA-MB-231,10127-101-1,Dovitinib,1.11,uM,LJP5,72,hr,1235,2184,4660,0.4681,0.3439
50058-4,MDA-MB-231,10127-101-1,Dovitinib,3.33,uM,LJP5,72,hr,1235,1938,4660,0.4162,0.2647
50058-4,MDA-MB-231,10127-101-1,Dovitinib,10,uM,LJP5,72,hr,1235,1548,4660,0.3319,0.1233
50058-4,MDA-MB-231,10128-101-1,GSK 690693,0.04,uM,LJP5,72,hr,1235,4161,4660,0.8914,0.8820
50058-4,MDA-MB-231,10128-101-1,GSK 690693,0.12,uM,LJP5,72,hr,1235,4227,4660,0.9062,0.8987
50058-4,MDA-MB-231,10128-101-1,GSK 690693,0.37,uM,LJP5,72,hr,1235,4346,4660,0.9315,0.9261
50058-4,MDA-MB-231,10128-101-1,GSK 690693,1.11,uM,LJP5,72,hr,1235,4524,4660,0.9696,0.9668
50058-4,MDA-MB-231,10128-101-1,GSK 690693,3.33,uM,LJP5,72,hr,1235,4823,4660,1.0351,1.0365
50058-4,MDA-MB-231,10128-101-1,GSK 690693,10,uM,LJP5,72,hr,1235,3718,4660,0.7978,0.7771
50058-4,MDA-MB-231,10132-101-1,SNS-032,0.04,uM,LJP6,72,hr,1235,2289,4405,0.5185,0.3954
50058-4,MDA-MB-231,10132-101-1,SNS-032,0.12,uM,LJP6,72,hr,1235,554,4405,0.1259,-0.3546
50058-4,MDA-MB-231,10132-101-1,SNS-032,0.37,uM,LJP6,72,hr,1235,489,4405,0.1109,-0.3977
50058-4,MDA-MB-231,10132-101-1,SNS-032,1.11,uM,LJP6,72,hr,1235,525,4405,0.1194,-0.3735
50058-4,MDA-MB-231,10132-101-1,SNS-032,3.33,uM,LJP6,72,hr,1235,530,4405,0.1203,-0.3708
50058-4,MDA-MB-231,10132-101-1,SNS-032,10,uM,LJP6,72,hr,1235,590,4405,0.1340,-0.3322
50058-4,MDA-MB-231,10133-101-1,Afatinib,0.04,uM,LJP6,72,hr,1235,4254,4405,0.9654,0.9608
50058-4,MDA-MB-231,10133-101-1,Afatinib,0.12,uM,LJP6,72,hr,1235,4078,4405,0.9259,0.9175
50058-4,MDA-MB-231,10133-101-1,Afatinib,0.37,uM,LJP6,72,hr,1235,3577,4405,0.8130,0.7868
50058-4,MDA-MB-231,10133-101-1,Afatinib,1.11,uM,LJP6,72,hr,1235,2739,4405,0.6225,0.5442
50058-4,MDA-MB-231,10133-101-1,Afatinib,3.33,uM,LJP6,72,hr,1235,2749,4405,0.6241,0.5463
50058-4,MDA-MB-231,10133-101-1,Afatinib,10,uM,LJP6,72,hr,1235,628,4405,0.1427,-0.3090
50058-4,MDA-MB-231,10134-101-1,GSK1904529A,0.04,uM,LJP6,72,hr,1235,3957,4405,0.8986,0.8867
50058-4,MDA-MB-231,10134-101-1,GSK1904529A,0.12,uM,LJP6,72,hr,1235,3949,4405,0.8970,0.8852
50058-4,MDA-MB-231,10134-101-1,GSK1904529A,0.37,uM,LJP6,72,hr,1235,4087,4405,0.9285,0.9211
50058-4,MDA-MB-231,10134-101-1,GSK1904529A,1.11,uM,LJP6,72,hr,1235,3966,4405,0.9004,0.8888
50058-4,MDA-MB-231,10134-101-1,GSK1904529A,3.33,uM,LJP6,72,hr,1235,4370,4405,0.9931,0.9929
50058-4,MDA-MB-231,10134-101-1,GSK1904529A,10,uM,LJP6,72,hr,1235,4220,4405,0.9590,0.9553
50058-4,MDA-MB-231,10135-101-1,Linsitinib,0.04,uM,LJP5,72,hr,1235,3774,4660,0.8103,0.7915
50058-4,MDA-MB-231,10135-101-1,Linsitinib,0.12,uM,LJP5,72,hr,1235,3882,4660,0.8329,0.8174
50058-4,MDA-MB-231,10135-101-1,Linsitinib,0.37,uM,LJP5,72,hr,1235,3787,4660,0.8120,0.7932
50058-4,MDA-MB-231,10135-101-1,Linsitinib,1.11,uM,LJP5,72,hr,1235,3795,4660,0.8132,0.7939
50058-4,MDA-MB-231,10135-101-1,Linsitinib,3.33,uM,LJP5,72,hr,1235,3795,4660,0.8131,0.7934
50058-4,MDA-MB-231,10135-101-1,Linsitinib,10,uM,LJP5,72,hr,1235,3356,4660,0.7197,0.6833
50058-4,MDA-MB-231,10138-105-1,Ruxolitinib,0.04,uM,LJP5,72,hr,1235,4156,4660,0.8910,0.8822
50058-4,MDA-MB-231,10138-105-1,Ruxolitinib,0.12,uM,LJP5,72,hr,1235,4191,4660,0.8968,0.8866
50058-4,MDA-MB-231,10138-105-1,Ruxolitinib,0.37,uM,LJP5,72,hr,1235,4096,4660,0.8758,0.8621
50058-4,MDA-MB-231,10138-105-1,Ruxolitinib,1.11,uM,LJP5,72,hr,1235,4119,4660,0.8828,0.8727
50058-4,MDA-MB-231,10138-105-1,Ruxolitinib,3.33,uM,LJP5,72,hr,1235,4242,4660,0.9088,0.9010
50058-4,MDA-MB-231,10138-105-1,Ruxolitinib,10,uM,LJP5,72,hr,1235,2267,4660,0.4859,0.3702
50058-4,MDA-MB-231,10140-101-1,Momelotinib,0.04,uM,LJP5,72,hr,1235,4092,4660,0.8770,0.8662
50058-4,MDA-MB-231,10140-101-1,Momelotinib,0.12,uM,LJP5,72,hr,1235,3565,4660,0.7629,0.7330
50058-4,MDA-MB-231,10140-101-1,Momelotinib,0.37,uM,LJP5,72,hr,1235,2970,4660,0.6362,0.5777
50058-4,MDA-MB-231,10140-101-1,Momelotinib,1.11,uM,LJP5,72,hr,1235,2108,4660,0.4514,0.3181
50058-4,MDA-MB-231,10140-101-1,Momelotinib,3.33,uM,LJP5,72,hr,1235,1339,4660,0.2869,0.0406
50058-4,MDA-MB-231,10140-101-1,Momelotinib,10,uM,LJP5,72,hr,1235,574,4660,0.1228,-0.3326
50058-4,MDA-MB-231,10141-101-1,Fedratinib,0.04,uM,LJP5,72,hr,1235,4389,4660,0.9400,0.9344
50058-4,MDA-MB-231,10141-101-1,Fedratinib,0.12,uM,LJP5,72,hr,1235,4035,4660,0.8640,0.8507
50058-4,MDA-MB-231,10141-101-1,Fedratinib,0.37,uM,LJP5,72,hr,1235,3655,4660,0.7810,0.7527
50058-4,MDA-MB-231,10141-101-1,Fedratinib,1.11,uM,LJP5,72,hr,1235,2577,4660,0.5521,0.4649
50058-4,MDA-MB-231,10141-101-1,Fedratinib,3.33,uM,LJP5,72,hr,1235,1103,4660,0.2366,-0.0590
50058-4,MDA-MB-231,10141-101-1,Fedratinib,10,uM,LJP5,72,hr,1235,398,4660,0.0849,-0.4514
50058-4,MDA-MB-231,10142-101-1,Trametinib,0.04,uM,LJP5,72,hr,1235,1343,4660,0.2885,0.0441
50058-4,MDA-MB-231,10142-101-1,Trametinib,0.12,uM,LJP5,72,hr,1235,1273,4660,0.2733,0.0149
50058-4,MDA-MB-231,10142-101-1,Trametinib,0.37,uM,LJP5,72,hr,1235,1329,4660,0.2854,0.0383
50058-4,MDA-MB-231,10142-101-1,Trametinib,1.11,uM,LJP5,72,hr,1235,1305,4660,0.2798,0.0275
50058-4,MDA-MB-231,10142-101-1,Trametinib,3.33,uM,LJP5,72,hr,1235,1275,4660,0.2737,0.0157
50058-4,MDA-MB-231,10142-101-1,Trametinib,10,uM,LJP5,72,hr,1235,1285,4660,0.2751,0.0177
50058-4,MDA-MB-231,10146-101-1,Omipalisib,0.04,uM,LJP6,72,hr,1235,2003,4405,0.4543,0.2996
50058-4,MDA-MB-231,10146-101-1,Omipalisib,0.12,uM,LJP6,72,hr,1235,1518,4405,0.3449,0.1186
50058-4,MDA-MB-231,10146-101-1,Omipalisib,0.37,uM,LJP6,72,hr,1235,1155,4405,0.2623,-0.0365
50058-4,MDA-MB-231,10146-101-1,Omipalisib,1.11,uM,LJP6,72,hr,1235,966,4405,0.2192,-0.1265
50058-4,MDA-MB-231,10146-101-1,Omipalisib,3.33,uM,LJP6,72,hr,1235,824,4405,0.1872,-0.1985
50058-4,MDA-MB-231,10146-101-1,Omipalisib,10,uM,LJP6,72,hr,1235,723,4405,0.1640,-0.2544
50058-4,MDA-MB-231,10147-101-1,Buparlisib,0.04,uM,LJP5,72,hr,1235,4633,4660,0.9956,0.9963
50058-4,MDA-MB-231,10147-101-1,Buparlisib,0.12,uM,LJP5,72,hr,1235,4457,4660,0.9554,0.9519
50058-4,MDA-MB-231,10147-101-1,Buparlisib,0.37,uM,LJP5,72,hr,1235,3987,4660,0.8539,0.8397
50058-4,MDA-MB-231,10147-101-1,Buparlisib,1.11,uM,LJP5,72,hr,1235,2909,4660,0.6221,0.5576
50058-4,MDA-MB-231,10147-101-1,Buparlisib,3.33,uM,LJP5,72,hr,1235,1350,4660,0.2889,0.0435
50058-4,MDA-MB-231,10147-101-1,Buparlisib,10,uM,LJP5,72,hr,1235,506,4660,0.1083,-0.3763
50058-4,MDA-MB-231,10148-101-1,XL147,0.04,uM,LJP5,72,hr,1235,5018,4660,1.0771,1.0794
50058-4,MDA-MB-231,10148-101-1,XL147,0.12,uM,LJP5,72,hr,1235,4962,4660,1.0662,1.0687
50058-4,MDA-MB-231,10148-101-1,XL147,0.37,uM,LJP5,72,hr,1235,4822,4660,1.0368,1.0391
50058-4,MDA-MB-231,10148-101-1,XL147,1.11,uM,LJP5,72,hr,1235,5016,4660,1.0779,1.0809
50058-4,MDA-MB-231,10148-101-1,XL147,3.33,uM,LJP5,72,hr,1235,4806,4660,1.0325,1.0341
50058-4,MDA-MB-231,10148-101-1,XL147,10,uM,LJP5,72,hr,1235,4168,4660,0.8954,0.8881
50058-4,MDA-MB-231,10149-102-1,Y39983,0.04,uM,LJP6,72,hr,1235,3398,4405,0.7713,0.7357
50058-4,MDA-MB-231,10149-102-1,Y39983,0.12,uM,LJP6,72,hr,1235,3402,4405,0.7729,0.7380
50058-4,MDA-MB-231,10149-102-1,Y39983,0.37,uM,LJP6,72,hr,1235,3149,4405,0.7147,0.6648
50058-4,MDA-MB-231,10149-102-1,Y39983,1.11,uM,LJP6,72,hr,1235,2999,4405,0.6805,0.6200
50058-4,MDA-MB-231,10149-102-1,Y39983,3.33,uM,LJP6,72,hr,1235,2849,4405,0.6466,0.5757
50058-4,MDA-MB-231,10149-102-1,Y39983,10,uM,LJP6,72,hr,1235,403,4405,0.0917,-0.4576
50058-4,MDA-MB-231,10151-101-1,Nintedanib,0.04,uM,LJP6,72,hr,1235,4845,4405,1.1005,1.1078
50058-4,MDA-MB-231,10151-101-1,Nintedanib,0.12,uM,LJP6,72,hr,1235,4658,4405,1.0590,1.0642
50058-4,MDA-MB-231,10151-101-1,Nintedanib,0.37,uM,LJP6,72,hr,1235,4411,4405,1.0009,1.0006
50058-4,MDA-MB-231,10151-101-1,Nintedanib,1.11,uM,LJP6,72,hr,1235,4282,4405,0.9730,0.9709
50058-4,MDA-MB-231,10151-101-1,Nintedanib,3.33,uM,LJP6,72,hr,1235,4079,4405,0.9266,0.9190
50058-4,MDA-MB-231,10151-101-1,Nintedanib,10,uM,LJP6,72,hr,1235,1099,4405,0.2479,-0.0743
50058-4,MDA-MB-231,10157-101-1,Foretinib,0.04,uM,LJP5,72,hr,1235,4266,4660,0.9153,0.9094
50058-4,MDA-MB-231,10157-101-1,Foretinib,0.12,uM,LJP5,72,hr,1235,3081,4660,0.6608,0.6093
50058-4,MDA-MB-231,10157-101-1,Foretinib,0.37,uM,LJP5,72,hr,1235,1389,4660,0.2979,0.0616
50058-4,MDA-MB-231,10157-101-1,Foretinib,1.11,uM,LJP5,72,hr,1235,1371,4660,0.2942,0.0542
50058-4,MDA-MB-231,10157-101-1,Foretinib,3.33,uM,LJP5,72,hr,1235,1122,4660,0.2411,-0.0495
50058-4,MDA-MB-231,10157-101-1,Foretinib,10,uM,LJP5,72,hr,1235,708,4660,0.1517,-0.2539
50058-4,MDA-MB-231,10158-101-1,AZD 5438,0.04,uM,LJP6,72,hr,1235,3409,4405,0.7742,0.7395
50058-4,MDA-MB-231,10158-101-1,AZD 5438,0.12,uM,LJP6,72,hr,1235,2782,4405,0.6325,0.5577
50058-4,MDA-MB-231,10158-101-1,AZD 5438,0.37,uM,LJP6,72,hr,1235,1811,4405,0.4115,0.2320
50058-4,MDA-MB-231,10158-101-1,AZD 5438,1.11,uM,LJP6,72,hr,1235,958,4405,0.2178,-0.1298
50058-4,MDA-MB-231,10158-101-1,AZD 5438,3.33,uM,LJP6,72,hr,1235,594,4405,0.1349,-0.3300
50058-4,MDA-MB-231,10158-101-1,AZD 5438,10,uM,LJP6,72,hr,1235,361,4405,0.0821,-0.4892
50058-4,MDA-MB-231,10159-101-1,Pelitinib,0.04,uM,LJP5,72,hr,1235,4770,4660,1.0227,1.0228
50058-4,MDA-MB-231,10159-101-1,Pelitinib,0.12,uM,LJP5,72,hr,1235,4532,4660,0.9725,0.9708
50058-4,MDA-MB-231,10159-101-1,Pelitinib,0.37,uM,LJP5,72,hr,1235,4219,4660,0.9051,0.8981
50058-4,MDA-MB-231,10159-101-1,Pelitinib,1.11,uM,LJP5,72,hr,1235,3138,4660,0.6721,0.6234
50058-4,MDA-MB-231,10159-101-1,Pelitinib,3.33,uM,LJP5,72,hr,1235,1581,4660,0.3385,0.1343
50058-4,MDA-MB-231,10159-101-1,Pelitinib,10,uM,LJP5,72,hr,1235,756,4660,0.1626,-0.2264
50058-4,MDA-MB-231,10161-101-1,Luminespib,0.04,uM,LJP5,72,hr,1235,847,4660,0.1818,-0.1802
50058-4,MDA-MB-231,10161-101-1,Luminespib,0.12,uM,LJP5,72,hr,1235,842,4660,0.1807,-0.1825
50058-4,MDA-MB-231,10161-101-1,Luminespib,0.37,uM,LJP5,72,hr,1235,833,4660,0.1786,-0.1874
50058-4,MDA-MB-231,10161-101-1,Luminespib,1.11,uM,LJP5,72,hr,1235,806,4660,0.1733,-0.2001
50058-4,MDA-MB-231,10161-101-1,Luminespib,3.33,uM,LJP5,72,hr,1235,796,4660,0.1710,-0.2060
50058-4,MDA-MB-231,10161-101-1,Luminespib,10,uM,LJP5,72,hr,1235,696,4660,0.1492,-0.2605
50058-4,MDA-MB-231,10164-101-1,AZD8330,0.04,uM,LJP5,72,hr,1235,1407,4660,0.3027,0.0706
50058-4,MDA-MB-231,10164-101-1,AZD8330,0.12,uM,LJP5,72,hr,1235,1310,4660,0.2810,0.0292
50058-4,MDA-MB-231,10164-101-1,AZD8330,0.37,uM,LJP5,72,hr,1235,1404,4660,0.3012,0.0677
50058-4,MDA-MB-231,10164-101-1,AZD8330,1.11,uM,LJP5,72,hr,1235,1368,4660,0.2940,0.0545
50058-4,MDA-MB-231,10164-101-1,AZD8330,3.33,uM,LJP5,72,hr,1235,1359,4660,0.2904,0.0454
50058-4,MDA-MB-231,10164-101-1,AZD8330,10,uM,LJP5,72,hr,1235,1448,4660,0.3109,0.0857
50058-4,MDA-MB-231,10171-101-1,TGX221,0.04,uM,LJP5,72,hr,1235,3959,4660,0.8485,0.8343
50058-4,MDA-MB-231,10171-101-1,TGX221,0.12,uM,LJP5,72,hr,1235,4117,4660,0.8825,0.8725
50058-4,MDA-MB-231,10171-101-1,TGX221,0.37,uM,LJP5,72,hr,1235,4099,4660,0.8785,0.8680
50058-4,MDA-MB-231,10171-101-1,TGX221,1.11,uM,LJP5,72,hr,1235,4311,4660,0.9228,0.9154
50058-4,MDA-MB-231,10171-101-1,TGX221,3.33,uM,LJP5,72,hr,1235,4251,4660,0.9106,0.9025
50058-4,MDA-MB-231,10171-101-1,TGX221,10,uM,LJP5,72,hr,1235,4077,4660,0.8742,0.8637
50058-4,MDA-MB-231,10172-101-1,GSK1059615,0.04,uM,LJP5,72,hr,1235,4766,4660,1.0222,1.0228
50058-4,MDA-MB-231,10172-101-1,GSK1059615,0.04,uM,LJP6,72,hr,1235,3977,4405,0.9005,0.8836
50058-4,MDA-MB-231,10172-101-1,GSK1059615,0.12,uM,LJP5,72,hr,1235,4527,4660,0.9732,0.9724
50058-4,MDA-MB-231,10172-101-1,GSK1059615,0.12,uM,LJP6,72,hr,1235,4126,4405,0.9358,0.9277
50058-4,MDA-MB-231,10172-101-1,GSK1059615,0.37,uM,LJP5,72,hr,1235,4112,4660,0.8817,0.8719
50058-4,MDA-MB-231,10172-101-1,GSK1059615,0.37,uM,LJP6,72,hr,1235,3933,4405,0.8920,0.8769
50058-4,MDA-MB-231,10172-101-1,GSK1059615,1.11,uM,LJP5,72,hr,1235,2452,4660,0.5251,0.4258
50058-4,MDA-MB-231,10172-101-1,GSK1059615,1.11,uM,LJP6,72,hr,1235,2124,4405,0.4780,0.3129
50058-4,MDA-MB-231,10172-101-1,GSK1059615,3.33,uM,LJP5,72,hr,1235,1118,4660,0.2400,-0.0524
50058-4,MDA-MB-231,10172-101-1,GSK1059615,3.33,uM,LJP6,72,hr,1235,1188,4405,0.2667,-0.0500
50058-4,MDA-MB-231,10172-101-1,GSK1059615,10,uM,LJP5,72,hr,1235,518,4660,0.1105,-0.3706
50058-4,MDA-MB-231,10172-101-1,GSK1059615,10,uM,LJP6,72,hr,1235,846,4405,0.1901,-0.2070
50058-4,MDA-MB-231,10177-101-1,Brivanib,0.04,uM,LJP5,72,hr,1235,4067,4660,0.8708,0.8583
50058-4,MDA-MB-231,10177-101-1,Brivanib,0.12,uM,LJP5,72,hr,1235,4196,4660,0.8994,0.8910
50058-4,MDA-MB-231,10177-101-1,Brivanib,0.37,uM,LJP5,72,hr,1235,4187,4660,0.8962,0.8861
50058-4,MDA-MB-231,10177-101-1,Brivanib,1.11,uM,LJP5,72,hr,1235,4270,4660,0.9136,0.9042
50058-4,MDA-MB-231,10177-101-1,Brivanib,3.33,uM,LJP5,72,hr,1235,4181,4660,0.8965,0.8883
50058-4,MDA-MB-231,10177-101-1,Brivanib,10,uM,LJP5,72,hr,1235,3080,4660,0.6610,0.6104
50058-4,MDA-MB-231,10180-101-1,CHIR-99021,0.04,uM,LJP6,72,hr,1235,3927,4405,0.8913,0.8782
50058-4,MDA-MB-231,10180-101-1,CHIR-99021,0.12,uM,LJP6,72,hr,1235,3769,4405,0.8550,0.8354
50058-4,MDA-MB-231,10180-101-1,CHIR-99021,0.37,uM,LJP6,72,hr,1235,3731,4405,0.8465,0.8257
50058-4,MDA-MB-231,10180-101-1,CHIR-99021,1.11,uM,LJP6,72,hr,1235,3544,4405,0.8048,0.7766
50058-4,MDA-MB-231,10180-101-1,CHIR-99021,3.33,uM,LJP6,72,hr,1235,3725,4405,0.8451,0.8235
50058-4,MDA-MB-231,10180-101-1,CHIR-99021,10,uM,LJP6,72,hr,1235,3499,4405,0.7938,0.7625
50058-4,MDA-MB-231,10182-101-1,Linifanib,0.04,uM,LJP6,72,hr,1235,4674,4405,1.0614,1.0664
50058-4,MDA-MB-231,10182-101-1,Linifanib,0.12,uM,LJP6,72,hr,1235,4721,4405,1.0724,1.0783
50058-4,MDA-MB-231,10182-101-1,Linifanib,0.37,uM,LJP6,72,hr,1235,4667,4405,1.0599,1.0648
50058-4,MDA-MB-231,10182-101-1,Linifanib,1.11,uM,LJP6,72,hr,1235,4890,4405,1.1105,1.1181
50058-4,MDA-MB-231,10182-101-1,Linifanib,3.33,uM,LJP6,72,hr,1235,4713,4405,1.0708,1.0766
50058-4,MDA-MB-231,10182-101-1,Linifanib,10,uM,LJP6,72,hr,1235,969,4405,0.2205,-0.1240
50058-4,MDA-MB-231,10190-101-1,PIK-93,0.04,uM,LJP5,72,hr,1235,4444,4660,0.9523,0.9482
50058-4,MDA-MB-231,10190-101-1,PIK-93,0.12,uM,LJP5,72,hr,1235,4427,4660,0.9482,0.9434
50058-4,MDA-MB-231,10190-101-1,PIK-93,0.37,uM,LJP5,72,hr,1235,4209,4660,0.9000,0.8886
50058-4,MDA-MB-231,10190-101-1,PIK-93,1.11,uM,LJP5,72,hr,1235,4026,4660,0.8628,0.8502
50058-4,MDA-MB-231,10190-101-1,PIK-93,3.33,uM,LJP5,72,hr,1235,3867,4660,0.8285,0.8113
50058-4,MDA-MB-231,10190-101-1,PIK-93,10,uM,LJP5,72,hr,1235,1916,4660,0.4110,0.2561
50058-4,MDA-MB-231,10232-101-1,Dactolisib,0.04,uM,LJP5,72,hr,1235,1676,4660,0.3589,0.1695
50058-4,MDA-MB-231,10232-101-1,Dactolisib,0.12,uM,LJP5,72,hr,1235,1470,4660,0.3142,0.0899
50058-4,MDA-MB-231,10232-101-1,Dactolisib,0.37,uM,LJP5,72,hr,1235,1191,4660,0.2551,-0.0216
50058-4,MDA-MB-231,10232-101-1,Dactolisib,1.11,uM,LJP5,72,hr,1235,1357,4660,0.2902,0.0459
50058-4,MDA-MB-231,10232-101-1,Dactolisib,3.33,uM,LJP5,72,hr,1235,1477,4660,0.3170,0.0968
50058-4,MDA-MB-231,10232-101-1,Dactolisib,10,uM,LJP5,72,hr,1235,1645,4660,0.3532,0.1607
50058-4,MDA-MB-231,10233-101-1,Alpelisib,0.04,uM,LJP5,72,hr,1235,4387,4660,0.9383,0.9307
50058-4,MDA-MB-231,10233-101-1,Alpelisib,0.12,uM,LJP5,72,hr,1235,4439,4660,0.9501,0.9444
50058-4,MDA-MB-231,10233-101-1,Alpelisib,0.37,uM,LJP5,72,hr,1235,4274,4660,0.9157,0.9086
50058-4,MDA-MB-231,10233-101-1,Alpelisib,1.11,uM,LJP5,72,hr,1235,4226,4660,0.9057,0.8980
50058-4,MDA-MB-231,10233-101-1,Alpelisib,3.33,uM,LJP5,72,hr,1235,4249,4660,0.9106,0.9034
50058-4,MDA-MB-231,10233-101-1,Alpelisib,10,uM,LJP5,72,hr,1235,3575,4660,0.7665,0.7398
50058-4,MDA-MB-231,10234-101-1,GDC-0980,0.04,uM,LJP5,72,hr,1235,3197,4660,0.6871,0.6441
50058-4,MDA-MB-231,10234-101-1,GDC-0980,0.12,uM,LJP5,72,hr,1235,2564,4660,0.5497,0.4621
50058-4,MDA-MB-231,10234-101-1,GDC-0980,0.37,uM,LJP5,72,hr,1235,2022,4660,0.4338,0.2922
50058-4,MDA-MB-231,10234-101-1,GDC-0980,1.11,uM,LJP5,72,hr,1235,1700,4660,0.3639,0.1777
50058-4,MDA-MB-231,10234-101-1,GDC-0980,3.33,uM,LJP5,72,hr,1235,1550,4660,0.3319,0.1225
50058-4,MDA-MB-231,10234-101-1,GDC-0980,10,uM,LJP5,72,hr,1235,1280,4660,0.2742,0.0158
50058-4,MDA-MB-231,10479-102-1,Mitoxantrone,0.04,uM,LJP5,72,hr,1235,1037,4660,0.2229,-0.0878
50058-4,MDA-MB-231,10479-102-1,Mitoxantrone,0.04,uM,LJP6,72,hr,1235,975,4405,0.2213,-0.1220
50058-4,MDA-MB-231,10479-102-1,Mitoxantrone,0.12,uM,LJP5,72,hr,1235,959,4660,0.2063,-0.1241
50058-4,MDA-MB-231,10479-102-1,Mitoxantrone,0.12,uM,LJP6,72,hr,1235,916,4405,0.2075,-0.1532
50058-4,MDA-MB-231,10479-102-1,Mitoxantrone,0.37,uM,LJP5,72,hr,1235,756,4660,0.1625,-0.2267
50058-4,MDA-MB-231,10479-102-1,Mitoxantrone,0.37,uM,LJP6,72,hr,1235,692,4405,0.1567,-0.2734
50058-4,MDA-MB-231,10479-102-1,Mitoxantrone,1.11,uM,LJP5,72,hr,1235,451,4660,0.0966,-0.4106
50058-4,MDA-MB-231,10479-102-1,Mitoxantrone,1.11,uM,LJP6,72,hr,1235,456,4405,0.1038,-0.4198
50058-4,MDA-MB-231,10479-102-1,Mitoxantrone,3.33,uM,LJP5,72,hr,1235,185,4660,0.0399,-0.6288
50058-4,MDA-MB-231,10479-102-1,Mitoxantrone,3.33,uM,LJP6,72,hr,1235,205,4405,0.0467,-0.6246
50058-4,MDA-MB-231,10479-102-1,Mitoxantrone,10,uM,LJP5,72,hr,1235,86,4660,0.0186,-0.7515
50058-4,MDA-MB-231,10479-102-1,Mitoxantrone,10,uM,LJP6,72,hr,1235,108,4405,0.0247,-0.7348
50058-4,MDA-MB-231,10480-101-1,Radicicol,0.04,uM,LJP5,72,hr,1235,4718,4660,1.0129,1.0138
50058-4,MDA-MB-231,10480-101-1,Radicicol,0.04,uM,LJP6,72,hr,1235,4715,4405,1.0714,1.0773
50058-4,MDA-MB-231,10480-101-1,Radicicol,0.12,uM,LJP5,72,hr,1235,3425,4660,0.7340,0.6996
50058-4,MDA-MB-231,10480-101-1,Radicicol,0.12,uM,LJP6,72,hr,1235,3118,4405,0.7088,0.6577
50058-4,MDA-MB-231,10480-101-1,Radicicol,0.37,uM,LJP5,72,hr,1235,1705,4660,0.3654,0.1808
50058-4,MDA-MB-231,10480-101-1,Radicicol,0.37,uM,LJP6,72,hr,1235,1539,4405,0.3504,0.1274
50058-4,MDA-MB-231,10480-101-1,Radicicol,1.11,uM,LJP5,72,hr,1235,1004,4660,0.2151,-0.1047
50058-4,MDA-MB-231,10480-101-1,Radicicol,1.11,uM,LJP6,72,hr,1235,1180,4405,0.2688,-0.0255
50058-4,MDA-MB-231,10480-101-1,Radicicol,3.33,uM,LJP5,72,hr,1235,916,4660,0.1965,-0.1459
50058-4,MDA-MB-231,10480-101-1,Radicicol,3.33,uM,LJP6,72,hr,1235,1072,4405,0.2440,-0.0746
50058-4,MDA-MB-231,10480-101-1,Radicicol,10,uM,LJP5,72,hr,1235,971,4660,0.2079,-0.1220
50058-4,MDA-MB-231,10480-101-1,Radicicol,10,uM,LJP6,72,hr,1235,833,4405,0.1887,-0.1957
50058-4,MDA-MB-231,10481-101-1,Withaferin A,0.04,uM,LJP5,72,hr,1235,4860,4660,1.0433,1.0452
50058-4,MDA-MB-231,10481-101-1,Withaferin A,0.04,uM,LJP6,72,hr,1235,4613,4405,1.0473,1.0511
50058-4,MDA-MB-231,10481-101-1,Withaferin A,0.12,uM,LJP5,72,hr,1235,4923,4660,1.0567,1.0588
50058-4,MDA-MB-231,10481-101-1,Withaferin A,0.12,uM,LJP6,72,hr,1235,4250,4405,0.9646,0.9609
50058-4,MDA-MB-231,10481-101-1,Withaferin A,0.37,uM,LJP5,72,hr,1235,2841,4660,0.6068,0.5360
50058-4,MDA-MB-231,10481-101-1,Withaferin A,0.37,uM,LJP6,72,hr,1235,2493,4405,0.5654,0.4641
50058-4,MDA-MB-231,10481-101-1,Withaferin A,1.11,uM,LJP5,72,hr,1235,1003,4660,0.2145,-0.1065
50058-4,MDA-MB-231,10481-101-1,Withaferin A,1.11,uM,LJP6,72,hr,1235,978,4405,0.2229,-0.1209
50058-4,MDA-MB-231,10481-101-1,Withaferin A,3.33,uM,LJP5,72,hr,1235,858,4660,0.1843,-0.1743
50058-4,MDA-MB-231,10481-101-1,Withaferin A,3.33,uM,LJP6,72,hr,1235,898,4405,0.2049,-0.1630
50058-4,MDA-MB-231,10481-101-1,Withaferin A,10,uM,LJP5,72,hr,1235,604,4660,0.1297,-0.3127
50058-4,MDA-MB-231,10481-101-1,Withaferin A,10,uM,LJP6,72,hr,1235,593,4405,0.1350,-0.3330
50105-3,BT-20,10001-101-1,Seliciclib,0.04,uM,LJP5,72,hr,1097,3909,3846,1.0169,1.0188
50105-3,BT-20,10001-101-1,Seliciclib,0.12,uM,LJP5,72,hr,1097,3839,3846,0.9988,0.9980
50105-3,BT-20,10001-101-1,Seliciclib,0.37,uM,LJP5,72,hr,1097,3440,3846,0.8945,0.8805
50105-3,BT-20,10001-101-1,Seliciclib,1.11,uM,LJP5,72,hr,1097,3081,3846,0.8022,0.7706
50105-3,BT-20,10001-101-1,Seliciclib,3.33,uM,LJP5,72,hr,1097,2834,3846,0.7370,0.6889
50105-3,BT-20,10001-101-1,Seliciclib,10,uM,LJP5,72,hr,1097,1639,3846,0.4263,0.2482
50105-3,BT-20,10004-101-1,AT-7519,0.04,uM,LJP6,72,hr,1097,3026,3673,0.8238,0.7896
50105-3,BT-20,10004-101-1,AT-7519,0.12,uM,LJP6,72,hr,1097,1875,3673,0.5105,0.3589
50105-3,BT-20,10004-101-1,AT-7519,0.37,uM,LJP6,72,hr,1097,832,3673,0.2262,-0.1485
50105-3,BT-20,10004-101-1,AT-7519,1.11,uM,LJP6,72,hr,1097,588,3673,0.1600,-0.3020
50105-3,BT-20,10004-101-1,AT-7519,3.33,uM,LJP6,72,hr,1097,540,3673,0.1468,-0.3382
50105-3,BT-20,10004-101-1,AT-7519,10,uM,LJP6,72,hr,1097,529,3673,0.1442,-0.3420
50105-3,BT-20,10006-101-1,AZD7762,0.04,uM,LJP6,72,hr,1097,3676,3673,1.0006,1.0000
50105-3,BT-20,10006-101-1,AZD7762,0.12,uM,LJP6,72,hr,1097,2846,3673,0.7742,0.7255
50105-3,BT-20,10006-101-1,AZD7762,0.37,uM,LJP6,72,hr,1097,2115,3673,0.5756,0.4564
50105-3,BT-20,10006-101-1,AZD7762,1.11,uM,LJP6,72,hr,1097,1307,3673,0.3559,0.1055
50105-3,BT-20,10006-101-1,AZD7762,3.33,uM,LJP6,72,hr,1097,750,3673,0.2042,-0.1962
50105-3,BT-20,10006-101-1,AZD7762,10,uM,LJP6,72,hr,1097,456,3673,0.1241,-0.3966
50105-3,BT-20,10007-101-1,AZD8055,0.04,uM,LJP6,72,hr,1097,1423,3673,0.3873,0.1601
50105-3,BT-20,10007-101-1,AZD8055,0.12,uM,LJP6,72,hr,1097,1170,3673,0.3188,0.0367
50105-3,BT-20,10007-101-1,AZD8055,0.37,uM,LJP6,72,hr,1097,1116,3673,0.3039,0.0097
50105-3,BT-20,10007-101-1,AZD8055,1.11,uM,LJP6,72,hr,1097,1050,3673,0.2858,-0.0251
50105-3,BT-20,10007-101-1,AZD8055,3.33,uM,LJP6,72,hr,1097,906,3673,0.2468,-0.1038
50105-3,BT-20,10007-101-1,AZD8055,10,uM,LJP6,72,hr,1097,119,3673,0.0326,-0.7198
50105-3,BT-20,10008-101-1,Sorafenib,0.04,uM,LJP6,72,hr,1097,3411,3673,0.9288,0.9170
50105-3,BT-20,10008-101-1,Sorafenib,0.12,uM,LJP6,72,hr,1097,3487,3673,0.9497,0.9413
50105-3,BT-20,10008-101-1,Sorafenib,0.37,uM,LJP6,72,hr,1097,3050,3673,0.8306,0.7963
50105-3,BT-20,10008-101-1,Sorafenib,1.11,uM,LJP6,72,hr,1097,3091,3673,0.8415,0.8115
50105-3,BT-20,10008-101-1,Sorafenib,3.33,uM,LJP6,72,hr,1097,3110,3673,0.8471,0.8185
50105-3,BT-20,10008-101-1,Sorafenib,10,uM,LJP6,72,hr,1097,1328,3673,0.3613,0.1140
50105-3,BT-20,10009-101-1,CP466722,0.04,uM,LJP5,72,hr,1097,4112,3846,1.0702,1.0768
50105-3,BT-20,10009-101-1,CP466722,0.12,uM,LJP5,72,hr,1097,4048,3846,1.0535,1.0582
50105-3,BT-20,10009-101-1,CP466722,0.37,uM,LJP5,72,hr,1097,3786,3846,0.9853,0.9837
50105-3,BT-20,10009-101-1,CP466722,1.11,uM,LJP5,72,hr,1097,3862,3846,1.0045,1.0051
50105-3,BT-20,10009-101-1,CP466722,3.33,uM,LJP5,72,hr,1097,3520,3846,0.9156,0.9050
50105-3,BT-20,10009-101-1,CP466722,10,uM,LJP5,72,hr,1097,2013,3846,0.5228,0.3965
50105-3,BT-20,10010-101-1,CP724714,0.04,uM,LJP5,72,hr,1097,3635,3846,0.9455,0.9391
50105-3,BT-20,10010-101-1,CP724714,0.12,uM,LJP5,72,hr,1097,3658,3846,0.9512,0.9453
50105-3,BT-20,10010-101-1,CP724714,0.37,uM,LJP5,72,hr,1097,3643,3846,0.9478,0.9419
50105-3,BT-20,10010-101-1,CP724714,1.11,uM,LJP5,72,hr,1097,3148,3846,0.8192,0.7904
50105-3,BT-20,10010-101-1,CP724714,3.33,uM,LJP5,72,hr,1097,2909,3846,0.7563,0.7133
50105-3,BT-20,10010-101-1,CP724714,10,uM,LJP5,72,hr,1097,2233,3846,0.5792,0.4746
50105-3,BT-20,10011-101-1,Alvocidib,0.04,uM,LJP6,72,hr,1097,1075,3673,0.2930,-0.0116
50105-3,BT-20,10011-101-1,Alvocidib,0.12,uM,LJP6,72,hr,1097,613,3673,0.1671,-0.2836
50105-3,BT-20,10011-101-1,Alvocidib,0.37,uM,LJP6,72,hr,1097,611,3673,0.1664,-0.2853
50105-3,BT-20,10011-101-1,Alvocidib,1.11,uM,LJP6,72,hr,1097,612,3673,0.1664,-0.2857
50105-3,BT-20,10011-101-1,Alvocidib,3.33,uM,LJP6,72,hr,1097,635,3673,0.1731,-0.2694
50105-3,BT-20,10011-101-1,Alvocidib,10,uM,LJP6,72,hr,1097,586,3673,0.1596,-0.3025
50105-3,BT-20,10014-101-1,GW843682X,0.04,uM,LJP6,72,hr,1097,3006,3673,0.8188,0.7820
50105-3,BT-20,10014-101-1,GW843682X,0.12,uM,LJP6,72,hr,1097,2174,3673,0.5918,0.4792
50105-3,BT-20,10014-101-1,GW843682X,0.37,uM,LJP6,72,hr,1097,1471,3673,0.4008,0.1835
50105-3,BT-20,10014-101-1,GW843682X,1.11,uM,LJP6,72,hr,1097,1003,3673,0.2730,-0.0505
50105-3,BT-20,10014-101-1,GW843682X,3.33,uM,LJP6,72,hr,1097,992,3673,0.2702,-0.0567
50105-3,BT-20,10014-101-1,GW843682X,10,uM,LJP6,72,hr,1097,1622,3673,0.4425,0.2500
50105-3,BT-20,10015-101-1,HG-5-113-01,0.04,uM,LJP5,72,hr,1097,3850,3846,1.0008,1.0003
50105-3,BT-20,10015-101-1,HG-5-113-01,0.12,uM,LJP5,72,hr,1097,3485,3846,0.9055,0.8924
50105-3,BT-20,10015-101-1,HG-5-113-01,0.37,uM,LJP5,72,hr,1097,3391,3846,0.8812,0.8641
50105-3,BT-20,10015-101-1,HG-5-113-01,1.11,uM,LJP5,72,hr,1097,2722,3846,0.7077,0.6515
50105-3,BT-20,10015-101-1,HG-5-113-01,3.33,uM,LJP5,72,hr,1097,1818,3846,0.4724,0.3205
50105-3,BT-20,10015-101-1,HG-5-113-01,10,uM,LJP5,72,hr,1097,934,3846,0.2426,-0.0865
50105-3,BT-20,10016-101-1,HG-5-88-01,0.04,uM,LJP6,72,hr,1097,2905,3673,0.7914,0.7483
50105-3,BT-20,10016-101-1,HG-5-88-01,0.12,uM,LJP6,72,hr,1097,3491,3673,0.9503,0.9422
50105-3,BT-20,10016-101-1,HG-5-88-01,0.37,uM,LJP6,72,hr,1097,3375,3673,0.9194,0.9058
50105-3,BT-20,10016-101-1,HG-5-88-01,1.11,uM,LJP6,72,hr,1097,3264,3673,0.8885,0.8687
50105-3,BT-20,10016-101-1,HG-5-88-01,3.33,uM,LJP6,72,hr,1097,3320,3673,0.9036,0.8866
50105-3,BT-20,10016-101-1,HG-5-88-01,10,uM,LJP6,72,hr,1097,1969,3673,0.5366,0.3975
50105-3,BT-20,10017-101-1,HG-6-64-01,0.04,uM,LJP6,72,hr,1097,3336,3673,0.9080,0.8919
50105-3,BT-20,10017-101-1,HG-6-64-01,0.12,uM,LJP6,72,hr,1097,2796,3673,0.7610,0.7098
50105-3,BT-20,10017-101-1,HG-6-64-01,0.37,uM,LJP6,72,hr,1097,2594,3673,0.7064,0.6385
50105-3,BT-20,10017-101-1,HG-6-64-01,1.11,uM,LJP6,72,hr,1097,2050,3673,0.5584,0.4316
50105-3,BT-20,10017-101-1,HG-6-64-01,3.33,uM,LJP6,72,hr,1097,1560,3673,0.4252,0.2241
50105-3,BT-20,10017-101-1,HG-6-64-01,10,uM,LJP6,72,hr,1097,627,3673,0.1708,-0.2747
50105-3,BT-20,10018-101-1,Neratinib,0.04,uM,LJP5,72,hr,1097,2893,3846,0.7515,0.7066
50105-3,BT-20,10018-101-1,Neratinib,0.12,uM,LJP5,72,hr,1097,2626,3846,0.6824,0.6184
50105-3,BT-20,10018-101-1,Neratinib,0.37,uM,LJP5,72,hr,1097,2260,3846,0.5873,0.4890
50105-3,BT-20,10018-101-1,Neratinib,1.11,uM,LJP5,72,hr,1097,2012,3846,0.5230,0.3973
50105-3,BT-20,10018-101-1,Neratinib,3.33,uM,LJP5,72,hr,1097,1714,3846,0.4450,0.2758
50105-3,BT-20,10018-101-1,Neratinib,10,uM,LJP5,72,hr,1097,1416,3846,0.3685,0.1498
50105-3,BT-20,10019-101-1,JW-7-24-1,0.04,uM,LJP6,72,hr,1097,2963,3673,0.8073,0.7687
50105-3,BT-20,10019-101-1,JW-7-24-1,0.12,uM,LJP6,72,hr,1097,3059,3673,0.8331,0.8010
50105-3,BT-20,10019-101-1,JW-7-24-1,0.37,uM,LJP6,72,hr,1097,2874,3673,0.7830,0.7379
50105-3,BT-20,10019-101-1,JW-7-24-1,1.11,uM,LJP6,72,hr,1097,2370,3673,0.6458,0.5549
50105-3,BT-20,10019-101-1,JW-7-24-1,3.33,uM,LJP6,72,hr,1097,1812,3673,0.4932,0.3327
50105-3,BT-20,10019-101-1,JW-7-24-1,10,uM,LJP6,72,hr,1097,707,3673,0.1926,-0.2227
50105-3,BT-20,10020-101-1,Dasatinib,0.04,uM,LJP5,72,hr,1097,3075,3846,0.8002,0.7681
50105-3,BT-20,10020-101-1,Dasatinib,0.04,uM,LJP6,72,hr,1097,1604,3673,0.4367,0.2431
50105-3,BT-20,10020-101-1,Dasatinib,0.12,uM,LJP5,72,hr,1097,2306,3846,0.5992,0.5046
50105-3,BT-20,10020-101-1,Dasatinib,0.12,uM,LJP6,72,hr,1097,1455,3673,0.3964,0.1757
50105-3,BT-20,10020-101-1,Dasatinib,0.37,uM,LJP5,72,hr,1097,1463,3846,0.3805,0.1714
50105-3,BT-20,10020-101-1,Dasatinib,0.37,uM,LJP6,72,hr,1097,1109,3673,0.3022,0.0061
50105-3,BT-20,10020-101-1,Dasatinib,1.11,uM,LJP5,72,hr,1097,1399,3846,0.3635,0.1424
50105-3,BT-20,10020-101-1,Dasatinib,1.11,uM,LJP6,72,hr,1097,1052,3673,0.2865,-0.0241
50105-3,BT-20,10020-101-1,Dasatinib,3.33,uM,LJP5,72,hr,1097,1197,3846,0.3109,0.0474
50105-3,BT-20,10020-101-1,Dasatinib,3.33,uM,LJP6,72,hr,1097,985,3673,0.2685,-0.0597
50105-3,BT-20,10020-101-1,Dasatinib,10,uM,LJP5,72,hr,1097,1098,3846,0.2849,-0.0036
50105-3,BT-20,10020-101-1,Dasatinib,10,uM,LJP6,72,hr,1097,790,3673,0.2153,-0.1717
50105-3,BT-20,10021-101-1,Tozasertib,0.04,uM,LJP5,72,hr,1097,2027,3846,0.5265,0.4012
50105-3,BT-20,10021-101-1,Tozasertib,0.12,uM,LJP5,72,hr,1097,1389,3846,0.3611,0.1385
50105-3,BT-20,10021-101-1,Tozasertib,0.37,uM,LJP5,72,hr,1097,1196,3846,0.3111,0.0487
50105-3,BT-20,10021-101-1,Tozasertib,1.11,uM,LJP5,72,hr,1097,1187,3846,0.3084,0.0435
50105-3,BT-20,10021-101-1,Tozasertib,3.33,uM,LJP5,72,hr,1097,1215,3846,0.3157,0.0568
50105-3,BT-20,10021-101-1,Tozasertib,10,uM,LJP5,72,hr,1097,1273,3846,0.3312,0.0857
50105-3,BT-20,10023-103-1,Imatinib,0.04,uM,LJP6,72,hr,1097,3748,3673,1.0206,1.0235
50105-3,BT-20,10023-103-1,Imatinib,0.12,uM,LJP6,72,hr,1097,3779,3673,1.0286,1.0321
50105-3,BT-20,10023-103-1,Imatinib,0.37,uM,LJP6,72,hr,1097,3668,3673,0.9981,0.9970
50105-3,BT-20,10023-103-1,Imatinib,1.11,uM,LJP6,72,hr,1097,3751,3673,1.0211,1.0234
50105-3,BT-20,10023-103-1,Imatinib,3.33,uM,LJP6,72,hr,1097,3500,3673,0.9530,0.9450
50105-3,BT-20,10023-103-1,Imatinib,10,uM,LJP6,72,hr,1097,3442,3673,0.9371,0.9268
50105-3,BT-20,10024-101-1,NVP-TAE684,0.04,uM,LJP6,72,hr,1097,3786,3673,1.0310,1.0354
50105-3,BT-20,10024-101-1,NVP-TAE684,0.12,uM,LJP6,72,hr,1097,3679,3673,1.0016,1.0013
50105-3,BT-20,10024-101-1,NVP-TAE684,0.37,uM,LJP6,72,hr,1097,3483,3673,0.9478,0.9385
50105-3,BT-20,10024-101-1,NVP-TAE684,1.11,uM,LJP6,72,hr,1097,2943,3673,0.8014,0.7612
50105-3,BT-20,10024-101-1,NVP-TAE684,3.33,uM,LJP6,72,hr,1097,1597,3673,0.4347,0.2369
50105-3,BT-20,10024-101-1,NVP-TAE684,10,uM,LJP6,72,hr,1097,1020,3673,0.2780,-0.0407
50105-3,BT-20,10025-101-1,CGP60474,0.04,uM,LJP5,72,hr,1097,3053,3846,0.7947,0.7616
50105-3,BT-20,10025-101-1,CGP60474,0.04,uM,LJP6,72,hr,1097,724,3673,0.1970,-0.2127
50105-3,BT-20,10025-101-1,CGP60474,0.12,uM,LJP5,72,hr,1097,932,3846,0.2419,-0.0891
50105-3,BT-20,10025-101-1,CGP60474,0.12,uM,LJP6,72,hr,1097,663,3673,0.1806,-0.2509
50105-3,BT-20,10025-101-1,CGP60474,0.37,uM,LJP5,72,hr,1097,716,3846,0.1861,-0.2112
50105-3,BT-20,10025-101-1,CGP60474,0.37,uM,LJP6,72,hr,1097,643,3673,0.1752,-0.2638
50105-3,BT-20,10025-101-1,CGP60474,1.11,uM,LJP5,72,hr,1097,627,3846,0.1628,-0.2677
50105-3,BT-20,10025-101-1,CGP60474,1.11,uM,LJP6,72,hr,1097,538,3673,0.1464,-0.3367
50105-3,BT-20,10025-101-1,CGP60474,3.33,uM,LJP5,72,hr,1097,593,3846,0.1541,-0.2888
50105-3,BT-20,10025-101-1,CGP60474,3.33,uM,LJP6,72,hr,1097,516,3673,0.1408,-0.3510
50105-3,BT-20,10025-101-1,CGP60474,10,uM,LJP5,72,hr,1097,509,3846,0.1323,-0.3475
50105-3,BT-20,10025-101-1,CGP60474,10,uM,LJP6,72,hr,1097,427,3673,0.1165,-0.4176
50105-3,BT-20,10026-101-1,PD173074,0.04,uM,LJP6,72,hr,1097,3941,3673,1.0733,1.0828
50105-3,BT-20,10026-101-1,PD173074,0.12,uM,LJP6,72,hr,1097,3999,3673,1.0882,1.0989
50105-3,BT-20,10026-101-1,PD173074,0.37,uM,LJP6,72,hr,1097,3935,3673,1.0711,1.0802
50105-3,BT-20,10026-101-1,PD173074,1.11,uM,LJP6,72,hr,1097,3944,3673,1.0732,1.0816
50105-3,BT-20,10026-101-1,PD173074,3.33,uM,LJP6,72,hr,1097,4036,3673,1.0993,1.1117
50105-3,BT-20,10026-101-1,PD173074,10,uM,LJP6,72,hr,1097,3261,3673,0.8879,0.8681
50105-3,BT-20,10027-101-1,Crizotinib,0.04,uM,LJP5,72,hr,1097,3340,3846,0.8681,0.8491
50105-3,BT-20,10027-101-1,Crizotinib,0.12,uM,LJP5,72,hr,1097,3563,3846,0.9263,0.9168
50105-3,BT-20,10027-101-1,Crizotinib,0.37,uM,LJP5,72,hr,1097,3267,3846,0.8493,0.8271
50105-3,BT-20,10027-101-1,Crizotinib,1.11,uM,LJP5,72,hr,1097,2992,3846,0.7779,0.7407
50105-3,BT-20,10027-101-1,Crizotinib,3.33,uM,LJP5,72,hr,1097,1566,3846,0.4068,0.2150
50105-3,BT-20,10027-101-1,Crizotinib,10,uM,LJP5,72,hr,1097,1085,3846,0.2822,-0.0064
50105-3,BT-20,10028-102-1,BMS345541,0.04,uM,LJP6,72,hr,1097,3601,3673,0.9804,0.9774
50105-3,BT-20,10028-102-1,BMS345541,0.12,uM,LJP6,72,hr,1097,3421,3673,0.9312,0.9190
50105-3,BT-20,10028-102-1,BMS345541,0.37,uM,LJP6,72,hr,1097,3237,3673,0.8811,0.8590
50105-3,BT-20,10028-102-1,BMS345541,1.11,uM,LJP6,72,hr,1097,2809,3673,0.7641,0.7119
50105-3,BT-20,10028-102-1,BMS345541,3.33,uM,LJP6,72,hr,1097,2738,3673,0.7449,0.6880
50105-3,BT-20,10028-102-1,BMS345541,10,uM,LJP6,72,hr,1097,711,3673,0.1935,-0.2207
50105-3,BT-20,10031-101-1,KIN001-043,0.04,uM,LJP6,72,hr,1097,3507,3673,0.9551,0.9480
50105-3,BT-20,10031-101-1,KIN001-043,0.12,uM,LJP6,72,hr,1097,3483,3673,0.9487,0.9403
50105-3,BT-20,10031-101-1,KIN001-043,0.37,uM,LJP6,72,hr,1097,3628,3673,0.9879,0.9861
50105-3,BT-20,10031-101-1,KIN001-043,1.11,uM,LJP6,72,hr,1097,3817,3673,1.0388,1.0438
50105-3,BT-20,10031-101-1,KIN001-043,3.33,uM,LJP6,72,hr,1097,3298,3673,0.8985,0.8802
50105-3,BT-20,10031-101-1,KIN001-043,10,uM,LJP6,72,hr,1097,1621,3673,0.4415,0.2511
50105-3,BT-20,10032-101-1,Saracatinib,0.04,uM,LJP6,72,hr,1097,3499,3673,0.9530,0.9455
50105-3,BT-20,10032-101-1,Saracatinib,0.12,uM,LJP6,72,hr,1097,3436,3673,0.9357,0.9248
50105-3,BT-20,10032-101-1,Saracatinib,0.37,uM,LJP6,72,hr,1097,3174,3673,0.8645,0.8398
50105-3,BT-20,10032-101-1,Saracatinib,1.11,uM,LJP6,72,hr,1097,2888,3673,0.7863,0.7422
50105-3,BT-20,10032-101-1,Saracatinib,3.33,uM,LJP6,72,hr,1097,2338,3673,0.6361,0.5414
50105-3,BT-20,10032-101-1,Saracatinib,10,uM,LJP6,72,hr,1097,1674,3673,0.4560,0.2745
50105-3,BT-20,10035-101-1,Sigma A6730,0.04,uM,LJP5,72,hr,1097,3200,3846,0.8310,0.8032
50105-3,BT-20,10035-101-1,Sigma A6730,0.12,uM,LJP5,72,hr,1097,3378,3846,0.8782,0.8608
50105-3,BT-20,10035-101-1,Sigma A6730,0.37,uM,LJP5,72,hr,1097,3512,3846,0.9122,0.8994
50105-3,BT-20,10035-101-1,Sigma A6730,1.11,uM,LJP5,72,hr,1097,3335,3846,0.8666,0.8464
50105-3,BT-20,10035-101-1,Sigma A6730,3.33,uM,LJP5,72,hr,1097,3334,3846,0.8671,0.8484
50105-3,BT-20,10035-101-1,Sigma A6730,10,uM,LJP5,72,hr,1097,1785,3846,0.4637,0.3072
50105-3,BT-20,10039-101-1,WH-4-025,0.04,uM,LJP5,72,hr,1097,3933,3846,1.0227,1.0249
50105-3,BT-20,10039-101-1,WH-4-025,0.12,uM,LJP5,72,hr,1097,3344,3846,0.8690,0.8467
50105-3,BT-20,10039-101-1,WH-4-025,0.37,uM,LJP5,72,hr,1097,2814,3846,0.7315,0.6807
50105-3,BT-20,10039-101-1,WH-4-025,1.11,uM,LJP5,72,hr,1097,1958,3846,0.5095,0.3751
50105-3,BT-20,10039-101-1,WH-4-025,3.33,uM,LJP5,72,hr,1097,1688,3846,0.4401,0.2690
50105-3,BT-20,10039-101-1,WH-4-025,10,uM,LJP5,72,hr,1097,733,3846,0.1903,-0.2016
50105-3,BT-20,10040-101-1,R406,0.04,uM,LJP6,72,hr,1097,3449,3673,0.9395,0.9291
50105-3,BT-20,10040-101-1,R406,0.12,uM,LJP6,72,hr,1097,3598,3673,0.9797,0.9766
50105-3,BT-20,10040-101-1,R406,0.37,uM,LJP6,72,hr,1097,3464,3673,0.9439,0.9344
50105-3,BT-20,10040-101-1,R406,1.11,uM,LJP6,72,hr,1097,3417,3673,0.9303,0.9189
50105-3,BT-20,10040-101-1,R406,3.33,uM,LJP6,72,hr,1097,3171,3673,0.8632,0.8375
50105-3,BT-20,10040-101-1,R406,10,uM,LJP6,72,hr,1097,1650,3673,0.4493,0.2633
50105-3,BT-20,10041-101-1,BI-2536,0.04,uM,LJP6,72,hr,1097,876,3673,0.2384,-0.1215
50105-3,BT-20,10041-101-1,BI-2536,0.12,uM,LJP6,72,hr,1097,846,3673,0.2305,-0.1384
50105-3,BT-20,10041-101-1,BI-2536,0.37,uM,LJP6,72,hr,1097,800,3673,0.2178,-0.1659
50105-3,BT-20,10041-101-1,BI-2536,1.11,uM,LJP6,72,hr,1097,916,3673,0.2492,-0.1002
50105-3,BT-20,10041-101-1,BI-2536,3.33,uM,LJP6,72,hr,1097,875,3673,0.2381,-0.1222
50105-3,BT-20,10041-101-1,BI-2536,10,uM,LJP6,72,hr,1097,951,3673,0.2589,-0.0790
50105-3,BT-20,10045-101-1,A443654,0.04,uM,LJP6,72,hr,1097,2449,3673,0.6669,0.5852
50105-3,BT-20,10045-101-1,A443654,0.12,uM,LJP6,72,hr,1097,1500,3673,0.4090,0.1962
50105-3,BT-20,10045-101-1,A443654,0.37,uM,LJP6,72,hr,1097,728,3673,0.1983,-0.2096
50105-3,BT-20,10045-101-1,A443654,1.11,uM,LJP6,72,hr,1097,493,3673,0.1346,-0.3752
50105-3,BT-20,10045-101-1,A443654,3.33,uM,LJP6,72,hr,1097,469,3673,0.1279,-0.3856
50105-3,BT-20,10045-101-1,A443654,10,uM,LJP6,72,hr,1097,437,3673,0.1191,-0.4099
50105-3,BT-20,10046-101-1,SB590885,0.04,uM,LJP5,72,hr,1097,3918,3846,1.0197,1.0217
50105-3,BT-20,10046-101-1,SB590885,0.12,uM,LJP5,72,hr,1097,3896,3846,1.0139,1.0153
50105-3,BT-20,10046-101-1,SB590885,0.37,uM,LJP5,72,hr,1097,3951,3846,1.0281,1.0309
50105-3,BT-20,10046-101-1,SB590885,1.11,uM,LJP5,72,hr,1097,3893,3846,1.0135,1.0151
50105-3,BT-20,10046-101-1,SB590885,3.33,uM,LJP5,72,hr,1097,4026,3846,1.0476,1.0524
50105-3,BT-20,10046-101-1,SB590885,10,uM,LJP5,72,hr,1097,3380,3846,0.8779,0.8590
50105-3,BT-20,10047-101-1,Pictilisib,0.04,uM,LJP6,72,hr,1097,2743,3673,0.7468,0.6908
50105-3,BT-20,10047-101-1,Pictilisib,0.12,uM,LJP6,72,hr,1097,2576,3673,0.7016,0.6317
50105-3,BT-20,10047-101-1,Pictilisib,0.37,uM,LJP6,72,hr,1097,1857,3673,0.5060,0.3524
50105-3,BT-20,10047-101-1,Pictilisib,1.11,uM,LJP6,72,hr,1097,1267,3673,0.3448,0.0855
50105-3,BT-20,10047-101-1,Pictilisib,3.33,uM,LJP6,72,hr,1097,1086,3673,0.2958,-0.0062
50105-3,BT-20,10047-101-1,Pictilisib,10,uM,LJP6,72,hr,1097,889,3673,0.2418,-0.1147
50105-3,BT-20,10048-101-1,PD184352,0.04,uM,LJP5,72,hr,1097,4128,3846,1.0728,1.0786
50105-3,BT-20,10048-101-1,PD184352,0.12,uM,LJP5,72,hr,1097,3927,3846,1.0216,1.0238
50105-3,BT-20,10048-101-1,PD184352,0.37,uM,LJP5,72,hr,1097,3992,3846,1.0390,1.0427
50105-3,BT-20,10048-101-1,PD184352,1.11,uM,LJP5,72,hr,1097,3802,3846,0.9892,0.9878
50105-3,BT-20,10048-101-1,PD184352,3.33,uM,LJP5,72,hr,1097,3599,3846,0.9365,0.9289
50105-3,BT-20,10048-101-1,PD184352,10,uM,LJP5,72,hr,1097,1974,3846,0.5137,0.3836
50105-3,BT-20,10049-101-1,PLX-4720,0.04,uM,LJP5,72,hr,1097,3773,3846,0.9805,0.9776
50105-3,BT-20,10049-101-1,PLX-4720,0.12,uM,LJP5,72,hr,1097,3852,3846,1.0018,1.0012
50105-3,BT-20,10049-101-1,PLX-4720,0.37,uM,LJP5,72,hr,1097,3516,3846,0.9138,0.9014
50105-3,BT-20,10049-101-1,PLX-4720,1.11,uM,LJP5,72,hr,1097,2883,3846,0.7484,0.7015
50105-3,BT-20,10049-101-1,PLX-4720,3.33,uM,LJP5,72,hr,1097,2550,3846,0.6612,0.5852
50105-3,BT-20,10049-101-1,PLX-4720,10,uM,LJP5,72,hr,1097,1979,3846,0.5131,0.3780
50105-3,BT-20,10051-104-1,Lapatinib,0.04,uM,LJP6,72,hr,1097,2916,3673,0.7946,0.7514
50105-3,BT-20,10051-104-1,Lapatinib,0.12,uM,LJP6,72,hr,1097,3280,3673,0.8934,0.8748
50105-3,BT-20,10051-104-1,Lapatinib,0.37,uM,LJP6,72,hr,1097,3373,3673,0.9183,0.9043
50105-3,BT-20,10051-104-1,Lapatinib,1.11,uM,LJP6,72,hr,1097,3576,3673,0.9739,0.9701
50105-3,BT-20,10051-104-1,Lapatinib,3.33,uM,LJP6,72,hr,1097,3394,3673,0.9239,0.9111
50105-3,BT-20,10051-104-1,Lapatinib,10,uM,LJP6,72,hr,1097,2487,3673,0.6773,0.5992
50105-3,BT-20,10052-101-1,Sirolimus,0.04,uM,LJP6,72,hr,1097,2367,3673,0.6445,0.5541
50105-3,BT-20,10052-101-1,Sirolimus,0.12,uM,LJP6,72,hr,1097,2217,3673,0.6034,0.4962
50105-3,BT-20,10052-101-1,Sirolimus,0.37,uM,LJP6,72,hr,1097,2186,3673,0.5954,0.4853
50105-3,BT-20,10052-101-1,Sirolimus,1.11,uM,LJP6,72,hr,1097,2201,3673,0.5992,0.4905
50105-3,BT-20,10052-101-1,Sirolimus,3.33,uM,LJP6,72,hr,1097,2310,3673,0.6290,0.5330
50105-3,BT-20,10052-101-1,Sirolimus,10,uM,LJP6,72,hr,1097,2335,3673,0.6358,0.5425
50105-3,BT-20,10053-101-1,ZSTK474,0.04,uM,LJP6,72,hr,1097,3487,3673,0.9494,0.9414
50105-3,BT-20,10053-101-1,ZSTK474,0.12,uM,LJP6,72,hr,1097,2700,3673,0.7356,0.6766
50105-3,BT-20,10053-101-1,ZSTK474,0.37,uM,LJP6,72,hr,1097,1979,3673,0.5389,0.4023
50105-3,BT-20,10053-101-1,ZSTK474,1.11,uM,LJP6,72,hr,1097,1204,3673,0.3279,0.0548
50105-3,BT-20,10053-101-1,ZSTK474,3.33,uM,LJP6,72,hr,1097,1050,3673,0.2859,-0.0254
50105-3,BT-20,10053-101-1,ZSTK474,10,uM,LJP6,72,hr,1097,925,3673,0.2522,-0.0930
50105-3,BT-20,10055-101-1,BX-912,0.04,uM,LJP5,72,hr,1097,3479,3846,0.9045,0.8920
50105-3,BT-20,10055-101-1,BX-912,0.12,uM,LJP5,72,hr,1097,3707,3846,0.9631,0.9568
50105-3,BT-20,10055-101-1,BX-912,0.37,uM,LJP5,72,hr,1097,3616,3846,0.9396,0.9310
50105-3,BT-20,10055-101-1,BX-912,1.11,uM,LJP5,72,hr,1097,3619,3846,0.9410,0.9335
50105-3,BT-20,10055-101-1,BX-912,3.33,uM,LJP5,72,hr,1097,3683,3846,0.9581,0.9535
50105-3,BT-20,10055-101-1,BX-912,10,uM,LJP5,72,hr,1097,2291,3846,0.5965,0.5029
50105-3,BT-20,10056-101-1,Selumetinib,0.04,uM,LJP6,72,hr,1097,3709,3673,1.0096,1.0108
50105-3,BT-20,10056-101-1,Selumetinib,0.12,uM,LJP6,72,hr,1097,3420,3673,0.9308,0.9185
50105-3,BT-20,10056-101-1,Selumetinib,0.37,uM,LJP6,72,hr,1097,3537,3673,0.9635,0.9578
50105-3,BT-20,10056-101-1,Selumetinib,1.11,uM,LJP6,72,hr,1097,3556,3673,0.9687,0.9636
50105-3,BT-20,10056-101-1,Selumetinib,3.33,uM,LJP6,72,hr,1097,3360,3673,0.9147,0.9000
50105-3,BT-20,10056-101-1,Selumetinib,10,uM,LJP6,72,hr,1097,3302,3673,0.8996,0.8818
50105-3,BT-20,10057-102-1,MK2206,0.04,uM,LJP6,72,hr,1097,3292,3673,0.8967,0.8787
50105-3,BT-20,10057-102-1,MK2206,0.12,uM,LJP6,72,hr,1097,2986,3673,0.8133,0.7765
50105-3,BT-20,10057-102-1,MK2206,0.37,uM,LJP6,72,hr,1097,2365,3673,0.6440,0.5533
50105-3,BT-20,10057-102-1,MK2206,1.11,uM,LJP6,72,hr,1097,2027,3673,0.5519,0.4220
50105-3,BT-20,10057-102-1,MK2206,3.33,uM,LJP6,72,hr,1097,1707,3673,0.4650,0.2886
50105-3,BT-20,10057-102-1,MK2206,10,uM,LJP6,72,hr,1097,742,3673,0.2023,-0.2007
50105-3,BT-20,10059-101-1,AZD-6482,0.04,uM,LJP5,72,hr,1097,3658,3846,0.9503,0.9433
50105-3,BT-20,10059-101-1,AZD-6482,0.12,uM,LJP5,72,hr,1097,3269,3846,0.8512,0.8266
50105-3,BT-20,10059-101-1,AZD-6482,0.37,uM,LJP5,72,hr,1097,2931,3846,0.7621,0.7197
50105-3,BT-20,10059-101-1,AZD-6482,1.11,uM,LJP5,72,hr,1097,2110,3846,0.5491,0.4359
50105-3,BT-20,10059-101-1,AZD-6482,3.33,uM,LJP5,72,hr,1097,1442,3846,0.3748,0.1616
50105-3,BT-20,10059-101-1,AZD-6482,10,uM,LJP5,72,hr,1097,792,3846,0.2056,-0.1680
50105-3,BT-20,10061-101-1,NU7441,0.04,uM,LJP5,72,hr,1097,4119,3846,1.0724,1.0788
50105-3,BT-20,10061-101-1,NU7441,0.12,uM,LJP5,72,hr,1097,3754,3846,0.9768,0.9745
50105-3,BT-20,10061-101-1,NU7441,0.37,uM,LJP5,72,hr,1097,3837,3846,0.9985,0.9985
50105-3,BT-20,10061-101-1,NU7441,1.11,uM,LJP5,72,hr,1097,3731,3846,0.9710,0.9680
50105-3,BT-20,10061-101-1,NU7441,3.33,uM,LJP5,72,hr,1097,3048,3846,0.7929,0.7587
50105-3,BT-20,10061-101-1,NU7441,10,uM,LJP5,72,hr,1097,1317,3846,0.3417,0.1029
50105-3,BT-20,10063-102-1,OSI-027,0.04,uM,LJP6,72,hr,1097,3523,3673,0.9593,0.9513
50105-3,BT-20,10063-102-1,OSI-027,0.12,uM,LJP6,72,hr,1097,2885,3673,0.7856,0.7411
50105-3,BT-20,10063-102-1,OSI-027,0.37,uM,LJP6,72,hr,1097,2380,3673,0.6481,0.5592
50105-3,BT-20,10063-102-1,OSI-027,1.11,uM,LJP6,72,hr,1097,2102,3673,0.5727,0.4517
50105-3,BT-20,10063-102-1,OSI-027,3.33,uM,LJP6,72,hr,1097,1671,3673,0.4548,0.2723
50105-3,BT-20,10063-102-1,OSI-027,10,uM,LJP6,72,hr,1097,1275,3673,0.3473,0.0898
50105-3,BT-20,10064-101-1,WYE-125132,0.04,uM,LJP6,72,hr,1097,1767,3673,0.4811,0.3144
50105-3,BT-20,10064-101-1,WYE-125132,0.12,uM,LJP6,72,hr,1097,1399,3673,0.3809,0.1495
50105-3,BT-20,10064-101-1,WYE-125132,0.37,uM,LJP6,72,hr,1097,1319,3673,0.3592,0.1115
50105-3,BT-20,10064-101-1,WYE-125132,1.11,uM,LJP6,72,hr,1097,1252,3673,0.3407,0.0770
50105-3,BT-20,10064-101-1,WYE-125132,3.33,uM,LJP6,72,hr,1097,1166,3673,0.3176,0.0356
50105-3,BT-20,10064-101-1,WYE-125132,10,uM,LJP6,72,hr,1097,1009,3673,0.2747,-0.0472
50105-3,BT-20,10067-101-1,Barasertib,0.04,uM,LJP5,72,hr,1097,2918,3846,0.7576,0.7134
50105-3,BT-20,10067-101-1,Barasertib,0.12,uM,LJP5,72,hr,1097,2171,3846,0.5641,0.4525
50105-3,BT-20,10067-101-1,Barasertib,0.37,uM,LJP5,72,hr,1097,2041,3846,0.5303,0.4074
50105-3,BT-20,10067-101-1,Barasertib,1.11,uM,LJP5,72,hr,1097,1795,3846,0.4664,0.3112
50105-3,BT-20,10067-101-1,Barasertib,3.33,uM,LJP5,72,hr,1097,1512,3846,0.3933,0.1938
50105-3,BT-20,10067-101-1,Barasertib,10,uM,LJP5,72,hr,1097,1145,3846,0.2987,0.0231
50105-3,BT-20,10068-101-1,Vemurafenib,0.04,uM,LJP5,72,hr,1097,3679,3846,0.9572,0.9522
50105-3,BT-20,10068-101-1,Vemurafenib,0.12,uM,LJP5,72,hr,1097,3676,3846,0.9564,0.9516
50105-3,BT-20,10068-101-1,Vemurafenib,0.37,uM,LJP5,72,hr,1097,3582,3846,0.9322,0.9241
50105-3,BT-20,10068-101-1,Vemurafenib,1.11,uM,LJP5,72,hr,1097,3454,3846,0.8980,0.8843
50105-3,BT-20,10068-101-1,Vemurafenib,3.33,uM,LJP5,72,hr,1097,3335,3846,0.8671,0.8483
50105-3,BT-20,10068-101-1,Vemurafenib,10,uM,LJP5,72,hr,1097,2430,3846,0.6324,0.5525
50105-3,BT-20,10069-101-1,Enzastaurin,0.04,uM,LJP5,72,hr,1097,3937,3846,1.0235,1.0254
50105-3,BT-20,10069-101-1,Enzastaurin,0.12,uM,LJP5,72,hr,1097,4042,3846,1.0508,1.0551
50105-3,BT-20,10069-101-1,Enzastaurin,0.37,uM,LJP5,72,hr,1097,4103,3846,1.0664,1.0718
50105-3,BT-20,10069-101-1,Enzastaurin,1.11,uM,LJP5,72,hr,1097,3931,3846,1.0223,1.0247
50105-3,BT-20,10069-101-1,Enzastaurin,3.33,uM,LJP5,72,hr,1097,4264,3846,1.1084,1.1156
50105-3,BT-20,10069-101-1,Enzastaurin,10,uM,LJP5,72,hr,1097,4311,3846,1.1195,1.1266
50105-3,BT-20,10071-101-1,Palbociclib,0.04,uM,LJP6,72,hr,1097,2420,3673,0.6590,0.5745
50105-3,BT-20,10071-101-1,Palbociclib,0.12,uM,LJP6,72,hr,1097,1959,3673,0.5335,0.3946
50105-3,BT-20,10071-101-1,Palbociclib,0.37,uM,LJP6,72,hr,1097,1717,3673,0.4677,0.2932
50105-3,BT-20,10071-101-1,Palbociclib,1.11,uM,LJP6,72,hr,1097,1542,3673,0.4198,0.2155
50105-3,BT-20,10071-101-1,Palbociclib,3.33,uM,LJP6,72,hr,1097,1567,3673,0.4265,0.2267
50105-3,BT-20,10071-101-1,Palbociclib,10,uM,LJP6,72,hr,1097,1520,3673,0.4140,0.2055
50105-3,BT-20,10072-101-1,PF562271,0.04,uM,LJP6,72,hr,1097,3406,3673,0.9268,0.9131
50105-3,BT-20,10072-101-1,PF562271,0.12,uM,LJP6,72,hr,1097,3400,3673,0.9255,0.9127
50105-3,BT-20,10072-101-1,PF562271,0.37,uM,LJP6,72,hr,1097,2938,3673,0.8001,0.7599
50105-3,BT-20,10072-101-1,PF562271,1.11,uM,LJP6,72,hr,1097,2178,3673,0.5929,0.4814
50105-3,BT-20,10072-101-1,PF562271,3.33,uM,LJP6,72,hr,1097,1359,3673,0.3699,0.1300
50105-3,BT-20,10072-101-1,PF562271,10,uM,LJP6,72,hr,1097,700,3673,0.1909,-0.2270
50105-3,BT-20,10073-101-1,PHA-793887,0.04,uM,LJP6,72,hr,1097,2523,3673,0.6868,0.6120
50105-3,BT-20,10073-101-1,PHA-793887,0.12,uM,LJP6,72,hr,1097,2010,3673,0.5473,0.4152
50105-3,BT-20,10073-101-1,PHA-793887,0.37,uM,LJP6,72,hr,1097,1454,3673,0.3962,0.1752
50105-3,BT-20,10073-101-1,PHA-793887,1.11,uM,LJP6,72,hr,1097,1086,3673,0.2958,-0.0059
50105-3,BT-20,10073-101-1,PHA-793887,3.33,uM,LJP6,72,hr,1097,920,3673,0.2507,-0.0959
50105-3,BT-20,10073-101-1,PHA-793887,10,uM,LJP6,72,hr,1097,740,3673,0.2015,-0.2023
50105-3,BT-20,10075-101-1,QL-X-138,0.04,uM,LJP6,72,hr,1097,2930,3673,0.7968,0.7536
50105-3,BT-20,10075-101-1,QL-X-138,0.12,uM,LJP6,72,hr,1097,2941,3673,0.8007,0.7606
50105-3,BT-20,10075-101-1,QL-X-138,0.37,uM,LJP6,72,hr,1097,2343,3673,0.6384,0.5440
50105-3,BT-20,10075-101-1,QL-X-138,1.11,uM,LJP6,72,hr,1097,2023,3673,0.5509,0.4200
50105-3,BT-20,10075-101-1,QL-X-138,3.33,uM,LJP6,72,hr,1097,1562,3673,0.4255,0.2250
50105-3,BT-20,10075-101-1,QL-X-138,10,uM,LJP6,72,hr,1097,675,3673,0.1839,-0.2435
50105-3,BT-20,10077-101-1,QL-XII-47,0.04,uM,LJP6,72,hr,1097,1829,3673,0.4983,0.3408
50105-3,BT-20,10077-101-1,QL-XII-47,0.12,uM,LJP6,72,hr,1097,1649,3673,0.4491,0.2627
50105-3,BT-20,10077-101-1,QL-XII-47,0.37,uM,LJP6,72,hr,1097,1197,3673,0.3259,0.0510
50105-3,BT-20,10077-101-1,QL-XII-47,1.11,uM,LJP6,72,hr,1097,849,3673,0.2311,-0.1373
50105-3,BT-20,10077-101-1,QL-XII-47,3.33,uM,LJP6,72,hr,1097,719,3673,0.1959,-0.2151
50105-3,BT-20,10077-101-1,QL-XII-47,10,uM,LJP6,72,hr,1097,798,3673,0.2173,-0.1668
50105-3,BT-20,10079-101-1,Torin1,0.04,uM,LJP6,72,hr,1097,1514,3673,0.4122,0.2029
50105-3,BT-20,10079-101-1,Torin1,0.12,uM,LJP6,72,hr,1097,1134,3673,0.3086,0.0172
50105-3,BT-20,10079-101-1,Torin1,0.37,uM,LJP6,72,hr,1097,1006,3673,0.2738,-0.0493
50105-3,BT-20,10079-101-1,Torin1,1.11,uM,LJP6,72,hr,1097,923,3673,0.2514,-0.0949
50105-3,BT-20,10079-101-1,Torin1,3.33,uM,LJP6,72,hr,1097,791,3673,0.2152,-0.1716
50105-3,BT-20,10079-101-1,Torin1,10,uM,LJP6,72,hr,1097,669,3673,0.1823,-0.2469
50105-3,BT-20,10080-101-1,Torin2,0.04,uM,LJP5,72,hr,1097,969,3846,0.2521,-0.0664
50105-3,BT-20,10080-101-1,Torin2,0.12,uM,LJP5,72,hr,1097,926,3846,0.2411,-0.0892
50105-3,BT-20,10080-101-1,Torin2,0.37,uM,LJP5,72,hr,1097,771,3846,0.2004,-0.1776
50105-3,BT-20,10080-101-1,Torin2,1.11,uM,LJP5,72,hr,1097,644,3846,0.1674,-0.2554
50105-3,BT-20,10080-101-1,Torin2,3.33,uM,LJP5,72,hr,1097,644,3846,0.1674,-0.2557
50105-3,BT-20,10080-101-1,Torin2,10,uM,LJP5,72,hr,1097,656,3846,0.1709,-0.2477
50105-3,BT-20,10082-101-1,WZ-4-145,0.04,uM,LJP6,72,hr,1097,2843,3673,0.7748,0.7268
50105-3,BT-20,10082-101-1,WZ-4-145,0.12,uM,LJP6,72,hr,1097,2948,3673,0.8029,0.7633
50105-3,BT-20,10082-101-1,WZ-4-145,0.37,uM,LJP6,72,hr,1097,2672,3673,0.7279,0.6666
50105-3,BT-20,10082-101-1,WZ-4-145,1.11,uM,LJP6,72,hr,1097,2177,3673,0.5928,0.4816
50105-3,BT-20,10082-101-1,WZ-4-145,3.33,uM,LJP6,72,hr,1097,2046,3673,0.5570,0.4293
50105-3,BT-20,10082-101-1,WZ-4-145,10,uM,LJP6,72,hr,1097,1200,3673,0.3271,0.0528
50105-3,BT-20,10084-101-1,WZ3105,0.04,uM,LJP5,72,hr,1097,1794,3846,0.4664,0.3110
50105-3,BT-20,10084-101-1,WZ3105,0.12,uM,LJP5,72,hr,1097,1293,3846,0.3362,0.0946
50105-3,BT-20,10084-101-1,WZ3105,0.37,uM,LJP5,72,hr,1097,1143,3846,0.2971,0.0223
50105-3,BT-20,10084-101-1,WZ3105,1.11,uM,LJP5,72,hr,1097,727,3846,0.1892,-0.2038
50105-3,BT-20,10084-101-1,WZ3105,3.33,uM,LJP5,72,hr,1097,721,3846,0.1873,-0.2080
50105-3,BT-20,10084-101-1,WZ3105,10,uM,LJP5,72,hr,1097,661,3846,0.1718,-0.2448
50105-3,BT-20,10086-101-1,XMD11-50,0.04,uM,LJP6,72,hr,1097,2981,3673,0.8113,0.7731
50105-3,BT-20,10086-101-1,XMD11-50,0.12,uM,LJP6,72,hr,1097,2696,3673,0.7338,0.6742
50105-3,BT-20,10086-101-1,XMD11-50,0.37,uM,LJP6,72,hr,1097,2621,3673,0.7130,0.6457
50105-3,BT-20,10086-101-1,XMD11-50,1.11,uM,LJP6,72,hr,1097,2396,3673,0.6526,0.5653
50105-3,BT-20,10086-101-1,XMD11-50,3.33,uM,LJP6,72,hr,1097,2057,3673,0.5601,0.4339
50105-3,BT-20,10086-101-1,XMD11-50,10,uM,LJP6,72,hr,1097,1274,3673,0.3467,0.0885
50105-3,BT-20,10087-101-1,XMD11-85h,0.04,uM,LJP6,72,hr,1097,2783,3673,0.7581,0.7059
50105-3,BT-20,10087-101-1,XMD11-85h,0.12,uM,LJP6,72,hr,1097,3201,3673,0.8723,0.8479
50105-3,BT-20,10087-101-1,XMD11-85h,0.37,uM,LJP6,72,hr,1097,2986,3673,0.8128,0.7756
50105-3,BT-20,10087-101-1,XMD11-85h,1.11,uM,LJP6,72,hr,1097,3136,3673,0.8536,0.8259
50105-3,BT-20,10087-101-1,XMD11-85h,3.33,uM,LJP6,72,hr,1097,2962,3673,0.8065,0.7671
50105-3,BT-20,10087-101-1,XMD11-85h,10,uM,LJP6,72,hr,1097,2433,3673,0.6622,0.5778
50105-3,BT-20,10091-101-1,XMD16-144,0.04,uM,LJP5,72,hr,1097,2663,3846,0.6933,0.6328
50105-3,BT-20,10091-101-1,XMD16-144,0.12,uM,LJP5,72,hr,1097,1569,3846,0.4082,0.2182
50105-3,BT-20,10091-101-1,XMD16-144,0.37,uM,LJP5,72,hr,1097,1323,3846,0.3444,0.1093
50105-3,BT-20,10091-101-1,XMD16-144,1.11,uM,LJP5,72,hr,1097,1389,3846,0.3615,0.1394
50105-3,BT-20,10091-101-1,XMD16-144,3.33,uM,LJP5,72,hr,1097,1312,3846,0.3414,0.1040
50105-3,BT-20,10091-101-1,XMD16-144,10,uM,LJP5,72,hr,1097,1051,3846,0.2734,-0.0242
50105-3,BT-20,10097-101-1,Erlotinib,0.04,uM,LJP5,72,hr,1097,3377,3846,0.8772,0.8582
50105-3,BT-20,10097-101-1,Erlotinib,0.12,uM,LJP5,72,hr,1097,3281,3846,0.8528,0.8312
50105-3,BT-20,10097-101-1,Erlotinib,0.37,uM,LJP5,72,hr,1097,3329,3846,0.8654,0.8460
50105-3,BT-20,10097-101-1,Erlotinib,1.11,uM,LJP5,72,hr,1097,3165,3846,0.8242,0.7972
50105-3,BT-20,10097-101-1,Erlotinib,3.33,uM,LJP5,72,hr,1097,3231,3846,0.8406,0.8165
50105-3,BT-20,10097-101-1,Erlotinib,10,uM,LJP5,72,hr,1097,2595,3846,0.6753,0.6096
50105-3,BT-20,10098-101-1,Gefitinib,0.04,uM,LJP6,72,hr,1097,3523,3673,0.9592,0.9529
50105-3,BT-20,10098-101-1,Gefitinib,0.12,uM,LJP6,72,hr,1097,3197,3673,0.8705,0.8471
50105-3,BT-20,10098-101-1,Gefitinib,0.37,uM,LJP6,72,hr,1097,3297,3673,0.8980,0.8804
50105-3,BT-20,10098-101-1,Gefitinib,1.11,uM,LJP6,72,hr,1097,3142,3673,0.8550,0.8272
50105-3,BT-20,10098-101-1,Gefitinib,3.33,uM,LJP6,72,hr,1097,3134,3673,0.8531,0.8256
50105-3,BT-20,10098-101-1,Gefitinib,10,uM,LJP6,72,hr,1097,2640,3673,0.7190,0.6547
50105-3,BT-20,10099-101-1,Nilotinib,0.04,uM,LJP5,72,hr,1097,3963,3846,1.0314,1.0346
50105-3,BT-20,10099-101-1,Nilotinib,0.12,uM,LJP5,72,hr,1097,4002,3846,1.0414,1.0444
50105-3,BT-20,10099-101-1,Nilotinib,0.37,uM,LJP5,72,hr,1097,3882,3846,1.0100,1.0109
50105-3,BT-20,10099-101-1,Nilotinib,1.11,uM,LJP5,72,hr,1097,3875,3846,1.0078,1.0086
50105-3,BT-20,10099-101-1,Nilotinib,3.33,uM,LJP5,72,hr,1097,3734,3846,0.9709,0.9676
50105-3,BT-20,10099-101-1,Nilotinib,10,uM,LJP5,72,hr,1097,1040,3846,0.2708,-0.0290
50105-3,BT-20,10100-101-1,JNK-9L,0.04,uM,LJP6,72,hr,1097,2987,3673,0.8138,0.7764
50105-3,BT-20,10100-101-1,JNK-9L,0.12,uM,LJP6,72,hr,1097,2972,3673,0.8095,0.7715
50105-3,BT-20,10100-101-1,JNK-9L,0.37,uM,LJP6,72,hr,1097,1983,3673,0.5399,0.4043
50105-3,BT-20,10100-101-1,JNK-9L,1.11,uM,LJP6,72,hr,1097,970,3673,0.2641,-0.0682
50105-3,BT-20,10100-101-1,JNK-9L,3.33,uM,LJP6,72,hr,1097,887,3673,0.2415,-0.1154
50105-3,BT-20,10100-101-1,JNK-9L,10,uM,LJP6,72,hr,1097,792,3673,0.2156,-0.1707
50105-3,BT-20,10101-101-1,PD0325901,0.04,uM,LJP5,72,hr,1097,2970,3846,0.7717,0.7315
50105-3,BT-20,10101-101-1,PD0325901,0.04,uM,LJP6,72,hr,1097,3326,3673,0.9062,0.8896
50105-3,BT-20,10101-101-1,PD0325901,0.12,uM,LJP5,72,hr,1097,3094,3846,0.8044,0.7717
50105-3,BT-20,10101-101-1,PD0325901,0.12,uM,LJP6,72,hr,1097,3152,3673,0.8580,0.8317
50105-3,BT-20,10101-101-1,PD0325901,0.37,uM,LJP5,72,hr,1097,2909,3846,0.7566,0.7143
50105-3,BT-20,10101-101-1,PD0325901,0.37,uM,LJP6,72,hr,1097,2795,3673,0.7612,0.7103
50105-3,BT-20,10101-101-1,PD0325901,1.11,uM,LJP5,72,hr,1097,2377,3846,0.6171,0.5279
50105-3,BT-20,10101-101-1,PD0325901,1.11,uM,LJP6,72,hr,1097,2340,3673,0.6371,0.5441
50105-3,BT-20,10101-101-1,PD0325901,3.33,uM,LJP5,72,hr,1097,2253,3846,0.5846,0.4830
50105-3,BT-20,10101-101-1,PD0325901,3.33,uM,LJP6,72,hr,1097,2341,3673,0.6374,0.5447
50105-3,BT-20,10101-101-1,PD0325901,10,uM,LJP5,72,hr,1097,1841,3846,0.4769,0.3212
50105-3,BT-20,10101-101-1,PD0325901,10,uM,LJP6,72,hr,1097,2178,3673,0.5930,0.4809
50105-3,BT-20,10108-101-1,Geldanamycin,0.04,uM,LJP5,72,hr,1097,1707,3846,0.4428,0.2717
50105-3,BT-20,10108-101-1,Geldanamycin,0.04,uM,LJP6,72,hr,1097,1280,3673,0.3484,0.0921
50105-3,BT-20,10108-101-1,Geldanamycin,0.12,uM,LJP5,72,hr,1097,1238,3846,0.3217,0.0678
50105-3,BT-20,10108-101-1,Geldanamycin,0.12,uM,LJP6,72,hr,1097,1049,3673,0.2859,-0.0255
50105-3,BT-20,10108-101-1,Geldanamycin,0.37,uM,LJP5,72,hr,1097,1091,3846,0.2841,-0.0029
50105-3,BT-20,10108-101-1,Geldanamycin,0.37,uM,LJP6,72,hr,1097,952,3673,0.2594,-0.0783
50105-3,BT-20,10108-101-1,Geldanamycin,1.11,uM,LJP5,72,hr,1097,1019,3846,0.2648,-0.0414
50105-3,BT-20,10108-101-1,Geldanamycin,1.11,uM,LJP6,72,hr,1097,963,3673,0.2620,-0.0728
50105-3,BT-20,10108-101-1,Geldanamycin,3.33,uM,LJP5,72,hr,1097,936,3846,0.2427,-0.0882
50105-3,BT-20,10108-101-1,Geldanamycin,3.33,uM,LJP6,72,hr,1097,891,3673,0.2425,-0.1131
50105-3,BT-20,10108-101-1,Geldanamycin,10,uM,LJP5,72,hr,1097,629,3846,0.1624,-0.2806
50105-3,BT-20,10108-101-1,Geldanamycin,10,uM,LJP6,72,hr,1097,604,3673,0.1646,-0.2901
50105-3,BT-20,10109-101-1,YM 201636,0.04,uM,LJP5,72,hr,1097,4179,3846,1.0855,1.0906
50105-3,BT-20,10109-101-1,YM 201636,0.12,uM,LJP5,72,hr,1097,3822,3846,0.9937,0.9927
50105-3,BT-20,10109-101-1,YM 201636,0.37,uM,LJP5,72,hr,1097,3692,3846,0.9604,0.9557
50105-3,BT-20,10109-101-1,YM 201636,1.11,uM,LJP5,72,hr,1097,2848,3846,0.7404,0.6933
50105-3,BT-20,10109-101-1,YM 201636,3.33,uM,LJP5,72,hr,1097,2295,3846,0.5971,0.5036
50105-3,BT-20,10109-101-1,YM 201636,10,uM,LJP5,72,hr,1097,1092,3846,0.2842,-0.0036
50105-3,BT-20,10111-101-1,TWS119,0.04,uM,LJP5,72,hr,1097,3861,3846,1.0039,1.0041
50105-3,BT-20,10111-101-1,TWS119,0.12,uM,LJP5,72,hr,1097,3757,3846,0.9771,0.9746
50105-3,BT-20,10111-101-1,TWS119,0.37,uM,LJP5,72,hr,1097,3565,3846,0.9264,0.9146
50105-3,BT-20,10111-101-1,TWS119,1.11,uM,LJP5,72,hr,1097,3079,3846,0.7989,0.7616
50105-3,BT-20,10111-101-1,TWS119,3.33,uM,LJP5,72,hr,1097,2542,3846,0.6597,0.5857
50105-3,BT-20,10111-101-1,TWS119,10,uM,LJP5,72,hr,1097,1149,3846,0.2976,0.0172
50105-3,BT-20,10112-101-1,PF477736,0.04,uM,LJP5,72,hr,1097,3562,3846,0.9262,0.9169
50105-3,BT-20,10112-101-1,PF477736,0.12,uM,LJP5,72,hr,1097,3621,3846,0.9420,0.9353
50105-3,BT-20,10112-101-1,PF477736,0.37,uM,LJP5,72,hr,1097,3698,3846,0.9613,0.9566
50105-3,BT-20,10112-101-1,PF477736,1.11,uM,LJP5,72,hr,1097,3713,3846,0.9651,0.9606
50105-3,BT-20,10112-101-1,PF477736,3.33,uM,LJP5,72,hr,1097,3403,3846,0.8851,0.8697
50105-3,BT-20,10112-101-1,PF477736,10,uM,LJP5,72,hr,1097,1691,3846,0.4404,0.2703
50105-3,BT-20,10115-102-1,LDN-193189,0.04,uM,LJP5,72,hr,1097,3807,3846,0.9895,0.9878
50105-3,BT-20,10115-102-1,LDN-193189,0.12,uM,LJP5,72,hr,1097,3388,3846,0.8805,0.8633
50105-3,BT-20,10115-102-1,LDN-193189,0.37,uM,LJP5,72,hr,1097,3201,3846,0.8325,0.8074
50105-3,BT-20,10115-102-1,LDN-193189,1.11,uM,LJP5,72,hr,1097,2072,3846,0.5367,0.4103
50105-3,BT-20,10115-102-1,LDN-193189,3.33,uM,LJP5,72,hr,1097,357,3846,0.0923,-0.4691
50105-3,BT-20,10115-102-1,LDN-193189,10,uM,LJP5,72,hr,1097,211,3846,0.0547,-0.6012
50105-3,BT-20,10116-101-1,PF431396,0.04,uM,LJP5,72,hr,1097,3635,3846,0.9462,0.9401
50105-3,BT-20,10116-101-1,PF431396,0.12,uM,LJP5,72,hr,1097,2975,3846,0.7743,0.7352
50105-3,BT-20,10116-101-1,PF431396,0.37,uM,LJP5,72,hr,1097,1739,3846,0.4529,0.2900
50105-3,BT-20,10116-101-1,PF431396,1.11,uM,LJP5,72,hr,1097,1364,3846,0.3553,0.1274
50105-3,BT-20,10116-101-1,PF431396,3.33,uM,LJP5,72,hr,1097,1355,3846,0.3528,0.1240
50105-3,BT-20,10116-101-1,PF431396,10,uM,LJP5,72,hr,1097,780,3846,0.2028,-0.1722
50105-3,BT-20,10117-101-1,Celastrol,0.04,uM,LJP6,72,hr,1097,3972,3673,1.0821,1.0926
50105-3,BT-20,10117-101-1,Celastrol,0.12,uM,LJP6,72,hr,1097,3935,3673,1.0718,1.0811
50105-3,BT-20,10117-101-1,Celastrol,0.37,uM,LJP6,72,hr,1097,3235,3673,0.8812,0.8599
50105-3,BT-20,10117-101-1,Celastrol,1.11,uM,LJP6,72,hr,1097,819,3673,0.2238,-0.1602
50105-3,BT-20,10117-101-1,Celastrol,3.33,uM,LJP6,72,hr,1097,477,3673,0.1300,-0.3802
50105-3,BT-20,10117-101-1,Celastrol,10,uM,LJP6,72,hr,1097,333,3673,0.0907,-0.4958
50105-3,BT-20,10119-101-1,SU11274,0.04,uM,LJP5,72,hr,1097,4164,3846,1.0835,1.0908
50105-3,BT-20,10119-101-1,SU11274,0.12,uM,LJP5,72,hr,1097,3970,3846,1.0326,1.0359
50105-3,BT-20,10119-101-1,SU11274,0.37,uM,LJP5,72,hr,1097,3913,3846,1.0180,1.0202
50105-3,BT-20,10119-101-1,SU11274,1.11,uM,LJP5,72,hr,1097,3539,3846,0.9201,0.9097
50105-3,BT-20,10119-101-1,SU11274,3.33,uM,LJP5,72,hr,1097,3273,3846,0.8521,0.8308
50105-3,BT-20,10119-101-1,SU11274,10,uM,LJP5,72,hr,1097,1251,3846,0.3257,0.0754
50105-3,BT-20,10120-102-1,Canertinib,0.04,uM,LJP6,72,hr,1097,3493,3673,0.9509,0.9428
50105-3,BT-20,10120-102-1,Canertinib,0.12,uM,LJP6,72,hr,1097,3273,3673,0.8912,0.8722
50105-3,BT-20,10120-102-1,Canertinib,0.37,uM,LJP6,72,hr,1097,3100,3673,0.8440,0.8146
50105-3,BT-20,10120-102-1,Canertinib,1.11,uM,LJP6,72,hr,1097,2953,3673,0.8039,0.7643
50105-3,BT-20,10120-102-1,Canertinib,3.33,uM,LJP6,72,hr,1097,2671,3673,0.7274,0.6660
50105-3,BT-20,10120-102-1,Canertinib,10,uM,LJP6,72,hr,1097,760,3673,0.2069,-0.1904
50105-3,BT-20,10122-101-1,NVP-AEW541,0.04,uM,LJP5,72,hr,1097,3834,3846,0.9969,0.9958
50105-3,BT-20,10122-101-1,NVP-AEW541,0.12,uM,LJP5,72,hr,1097,3912,3846,1.0172,1.0190
50105-3,BT-20,10122-101-1,NVP-AEW541,0.37,uM,LJP5,72,hr,1097,3860,3846,1.0039,1.0045
50105-3,BT-20,10122-101-1,NVP-AEW541,1.11,uM,LJP5,72,hr,1097,3734,3846,0.9727,0.9694
50105-3,BT-20,10122-101-1,NVP-AEW541,3.33,uM,LJP5,72,hr,1097,3891,3846,1.0124,1.0140
50105-3,BT-20,10122-101-1,NVP-AEW541,10,uM,LJP5,72,hr,1097,2984,3846,0.7750,0.7358
50105-3,BT-20,10125-101-1,PHA-665752,0.04,uM,LJP5,72,hr,1097,3938,3846,1.0242,1.0268
50105-3,BT-20,10125-101-1,PHA-665752,0.12,uM,LJP5,72,hr,1097,3713,3846,0.9651,0.9598
50105-3,BT-20,10125-101-1,PHA-665752,0.37,uM,LJP5,72,hr,1097,3894,3846,1.0112,1.0105
50105-3,BT-20,10125-101-1,PHA-665752,1.11,uM,LJP5,72,hr,1097,3722,3846,0.9673,0.9628
50105-3,BT-20,10125-101-1,PHA-665752,3.33,uM,LJP5,72,hr,1097,3733,3846,0.9709,0.9676
50105-3,BT-20,10125-101-1,PHA-665752,10,uM,LJP5,72,hr,1097,796,3846,0.2081,-0.1651
50105-3,BT-20,10126-101-1,PI103,0.04,uM,LJP6,72,hr,1097,3215,3673,0.8766,0.8527
50105-3,BT-20,10126-101-1,PI103,0.12,uM,LJP6,72,hr,1097,2064,3673,0.5626,0.4367
50105-3,BT-20,10126-101-1,PI103,0.37,uM,LJP6,72,hr,1097,1232,3673,0.3354,0.0686
50105-3,BT-20,10126-101-1,PI103,1.11,uM,LJP6,72,hr,1097,1035,3673,0.2818,-0.0329
50105-3,BT-20,10126-101-1,PI103,3.33,uM,LJP6,72,hr,1097,993,3673,0.2703,-0.0558
50105-3,BT-20,10126-101-1,PI103,10,uM,LJP6,72,hr,1097,888,3673,0.2419,-0.1143
50105-3,BT-20,10127-101-1,Dovitinib,0.04,uM,LJP5,72,hr,1097,3447,3846,0.8966,0.8828
50105-3,BT-20,10127-101-1,Dovitinib,0.12,uM,LJP5,72,hr,1097,2546,3846,0.6617,0.5914
50105-3,BT-20,10127-101-1,Dovitinib,0.37,uM,LJP5,72,hr,1097,1624,3846,0.4228,0.2426
50105-3,BT-20,10127-101-1,Dovitinib,1.11,uM,LJP5,72,hr,1097,1582,3846,0.4112,0.2231
50105-3,BT-20,10127-101-1,Dovitinib,3.33,uM,LJP5,72,hr,1097,1500,3846,0.3902,0.1885
50105-3,BT-20,10127-101-1,Dovitinib,10,uM,LJP5,72,hr,1097,1357,3846,0.3532,0.1250
50105-3,BT-20,10128-101-1,GSK 690693,0.04,uM,LJP5,72,hr,1097,3239,3846,0.8433,0.8202
50105-3,BT-20,10128-101-1,GSK 690693,0.12,uM,LJP5,72,hr,1097,2905,3846,0.7555,0.7128
50105-3,BT-20,10128-101-1,GSK 690693,0.37,uM,LJP5,72,hr,1097,2343,3846,0.6085,0.5183
50105-3,BT-20,10128-101-1,GSK 690693,1.11,uM,LJP5,72,hr,1097,1964,3846,0.5106,0.3793
50105-3,BT-20,10128-101-1,GSK 690693,3.33,uM,LJP5,72,hr,1097,2005,3846,0.5216,0.3955
50105-3,BT-20,10128-101-1,GSK 690693,10,uM,LJP5,72,hr,1097,1836,3846,0.4779,0.3294
50105-3,BT-20,10132-101-1,SNS-032,0.04,uM,LJP6,72,hr,1097,3257,3673,0.8864,0.8655
50105-3,BT-20,10132-101-1,SNS-032,0.12,uM,LJP6,72,hr,1097,1048,3673,0.2852,-0.0268
50105-3,BT-20,10132-101-1,SNS-032,0.37,uM,LJP6,72,hr,1097,691,3673,0.1880,-0.2337
50105-3,BT-20,10132-101-1,SNS-032,1.11,uM,LJP6,72,hr,1097,727,3673,0.1981,-0.2103
50105-3,BT-20,10132-101-1,SNS-032,3.33,uM,LJP6,72,hr,1097,740,3673,0.2014,-0.2027
50105-3,BT-20,10132-101-1,SNS-032,10,uM,LJP6,72,hr,1097,775,3673,0.2108,-0.1817
50105-3,BT-20,10133-101-1,Afatinib,0.04,uM,LJP6,72,hr,1097,2874,3673,0.7822,0.7368
50105-3,BT-20,10133-101-1,Afatinib,0.12,uM,LJP6,72,hr,1097,3032,3673,0.8258,0.7919
50105-3,BT-20,10133-101-1,Afatinib,0.37,uM,LJP6,72,hr,1097,3081,3673,0.8390,0.8076
50105-3,BT-20,10133-101-1,Afatinib,1.11,uM,LJP6,72,hr,1097,3152,3673,0.8581,0.8317
50105-3,BT-20,10133-101-1,Afatinib,3.33,uM,LJP6,72,hr,1097,3253,3673,0.8856,0.8654
50105-3,BT-20,10133-101-1,Afatinib,10,uM,LJP6,72,hr,1097,816,3673,0.2224,-0.1564
50105-3,BT-20,10134-101-1,GSK1904529A,0.04,uM,LJP6,72,hr,1097,3113,3673,0.8478,0.8191
50105-3,BT-20,10134-101-1,GSK1904529A,0.12,uM,LJP6,72,hr,1097,3289,3673,0.8953,0.8767
50105-3,BT-20,10134-101-1,GSK1904529A,0.37,uM,LJP6,72,hr,1097,3352,3673,0.9125,0.8975
50105-3,BT-20,10134-101-1,GSK1904529A,1.11,uM,LJP6,72,hr,1097,3323,3673,0.9046,0.8879
50105-3,BT-20,10134-101-1,GSK1904529A,3.33,uM,LJP6,72,hr,1097,3458,3673,0.9413,0.9317
50105-3,BT-20,10134-101-1,GSK1904529A,10,uM,LJP6,72,hr,1097,3785,3673,1.0304,1.0340
50105-3,BT-20,10135-101-1,Linsitinib,0.04,uM,LJP5,72,hr,1097,3436,3846,0.8928,0.8773
50105-3,BT-20,10135-101-1,Linsitinib,0.12,uM,LJP5,72,hr,1097,3616,3846,0.9402,0.9324
50105-3,BT-20,10135-101-1,Linsitinib,0.37,uM,LJP5,72,hr,1097,3689,3846,0.9601,0.9557
50105-3,BT-20,10135-101-1,Linsitinib,1.11,uM,LJP5,72,hr,1097,3603,3846,0.9379,0.9302
50105-3,BT-20,10135-101-1,Linsitinib,3.33,uM,LJP5,72,hr,1097,3521,3846,0.9169,0.9061
50105-3,BT-20,10135-101-1,Linsitinib,10,uM,LJP5,72,hr,1097,3196,3846,0.8311,0.8057
50105-3,BT-20,10138-105-1,Ruxolitinib,0.04,uM,LJP5,72,hr,1097,3687,3846,0.9587,0.9532
50105-3,BT-20,10138-105-1,Ruxolitinib,0.12,uM,LJP5,72,hr,1097,3629,3846,0.9443,0.9380
50105-3,BT-20,10138-105-1,Ruxolitinib,0.37,uM,LJP5,72,hr,1097,3655,3846,0.9513,0.9458
50105-3,BT-20,10138-105-1,Ruxolitinib,1.11,uM,LJP5,72,hr,1097,4001,3846,1.0410,1.0453
50105-3,BT-20,10138-105-1,Ruxolitinib,3.33,uM,LJP5,72,hr,1097,3857,3846,1.0036,1.0043
50105-3,BT-20,10138-105-1,Ruxolitinib,10,uM,LJP5,72,hr,1097,3148,3846,0.8187,0.7908
50105-3,BT-20,10140-101-1,Momelotinib,0.04,uM,LJP5,72,hr,1097,3659,3846,0.9506,0.9431
50105-3,BT-20,10140-101-1,Momelotinib,0.12,uM,LJP5,72,hr,1097,3476,3846,0.9037,0.8895
50105-3,BT-20,10140-101-1,Momelotinib,0.37,uM,LJP5,72,hr,1097,3474,3846,0.9027,0.8888
50105-3,BT-20,10140-101-1,Momelotinib,1.11,uM,LJP5,72,hr,1097,3047,3846,0.7919,0.7575
50105-3,BT-20,10140-101-1,Momelotinib,3.33,uM,LJP5,72,hr,1097,2330,3846,0.6055,0.5135
50105-3,BT-20,10140-101-1,Momelotinib,10,uM,LJP5,72,hr,1097,1062,3846,0.2760,-0.0186
50105-3,BT-20,10141-101-1,Fedratinib,0.04,uM,LJP5,72,hr,1097,4106,3846,1.0684,1.0748
50105-3,BT-20,10141-101-1,Fedratinib,0.12,uM,LJP5,72,hr,1097,3770,3846,0.9815,0.9796
50105-3,BT-20,10141-101-1,Fedratinib,0.37,uM,LJP5,72,hr,1097,3539,3846,0.9208,0.9110
50105-3,BT-20,10141-101-1,Fedratinib,1.11,uM,LJP5,72,hr,1097,3146,3846,0.8182,0.7901
50105-3,BT-20,10141-101-1,Fedratinib,3.33,uM,LJP5,72,hr,1097,2597,3846,0.6757,0.6103
50105-3,BT-20,10141-101-1,Fedratinib,10,uM,LJP5,72,hr,1097,756,3846,0.1968,-0.1863
50105-3,BT-20,10142-101-1,Trametinib,0.04,uM,LJP5,72,hr,1097,3045,3846,0.7907,0.7546
50105-3,BT-20,10142-101-1,Trametinib,0.12,uM,LJP5,72,hr,1097,3041,3846,0.7906,0.7562
50105-3,BT-20,10142-101-1,Trametinib,0.37,uM,LJP5,72,hr,1097,2861,3846,0.7446,0.6991
50105-3,BT-20,10142-101-1,Trametinib,1.11,uM,LJP5,72,hr,1097,2759,3846,0.7169,0.6629
50105-3,BT-20,10142-101-1,Trametinib,3.33,uM,LJP5,72,hr,1097,2749,3846,0.7154,0.6618
50105-3,BT-20,10142-101-1,Trametinib,10,uM,LJP5,72,hr,1097,2916,3846,0.7579,0.7152
50105-3,BT-20,10146-101-1,Omipalisib,0.04,uM,LJP6,72,hr,1097,778,3673,0.2117,-0.1793
50105-3,BT-20,10146-101-1,Omipalisib,0.12,uM,LJP6,72,hr,1097,729,3673,0.1986,-0.2091
50105-3,BT-20,10146-101-1,Omipalisib,0.37,uM,LJP6,72,hr,1097,608,3673,0.1658,-0.2869
50105-3,BT-20,10146-101-1,Omipalisib,1.11,uM,LJP6,72,hr,1097,512,3673,0.1395,-0.3543
50105-3,BT-20,10146-101-1,Omipalisib,3.33,uM,LJP6,72,hr,1097,491,3673,0.1338,-0.3691
50105-3,BT-20,10146-101-1,Omipalisib,10,uM,LJP6,72,hr,1097,428,3673,0.1164,-0.4180
50105-3,BT-20,10147-101-1,Buparlisib,0.04,uM,LJP5,72,hr,1097,3777,3846,0.9825,0.9802
50105-3,BT-20,10147-101-1,Buparlisib,0.12,uM,LJP5,72,hr,1097,3018,3846,0.7846,0.7486
50105-3,BT-20,10147-101-1,Buparlisib,0.37,uM,LJP5,72,hr,1097,1950,3846,0.5070,0.3734
50105-3,BT-20,10147-101-1,Buparlisib,1.11,uM,LJP5,72,hr,1097,1147,3846,0.2987,0.0251
50105-3,BT-20,10147-101-1,Buparlisib,3.33,uM,LJP5,72,hr,1097,732,3846,0.1905,-0.2004
50105-3,BT-20,10147-101-1,Buparlisib,10,uM,LJP5,72,hr,1097,621,3846,0.1617,-0.2699
50105-3,BT-20,10148-101-1,XL147,0.04,uM,LJP5,72,hr,1097,4302,3846,1.1181,1.1267
50105-3,BT-20,10148-101-1,XL147,0.12,uM,LJP5,72,hr,1097,4280,3846,1.1141,1.1232
50105-3,BT-20,10148-101-1,XL147,0.37,uM,LJP5,72,hr,1097,4153,3846,1.0804,1.0876
50105-3,BT-20,10148-101-1,XL147,1.11,uM,LJP5,72,hr,1097,3959,3846,1.0299,1.0332
50105-3,BT-20,10148-101-1,XL147,3.33,uM,LJP5,72,hr,1097,3318,3846,0.8626,0.8426
50105-3,BT-20,10148-101-1,XL147,10,uM,LJP5,72,hr,1097,1580,3846,0.4110,0.2230
50105-3,BT-20,10149-102-1,Y39983,0.04,uM,LJP6,72,hr,1097,3422,3673,0.9317,0.9202
50105-3,BT-20,10149-102-1,Y39983,0.12,uM,LJP6,72,hr,1097,3444,3673,0.9378,0.9277
50105-3,BT-20,10149-102-1,Y39983,0.37,uM,LJP6,72,hr,1097,3468,3673,0.9439,0.9344
50105-3,BT-20,10149-102-1,Y39983,1.11,uM,LJP6,72,hr,1097,3260,3673,0.8873,0.8663
50105-3,BT-20,10149-102-1,Y39983,3.33,uM,LJP6,72,hr,1097,2903,3673,0.7905,0.7468
50105-3,BT-20,10149-102-1,Y39983,10,uM,LJP6,72,hr,1097,1520,3673,0.4137,0.2051
50105-3,BT-20,10151-101-1,Nintedanib,0.04,uM,LJP6,72,hr,1097,3560,3673,0.9695,0.9649
50105-3,BT-20,10151-101-1,Nintedanib,0.12,uM,LJP6,72,hr,1097,3389,3673,0.9223,0.9085
50105-3,BT-20,10151-101-1,Nintedanib,0.37,uM,LJP6,72,hr,1097,2822,3673,0.7683,0.7192
50105-3,BT-20,10151-101-1,Nintedanib,1.11,uM,LJP6,72,hr,1097,2889,3673,0.7865,0.7424
50105-3,BT-20,10151-101-1,Nintedanib,3.33,uM,LJP6,72,hr,1097,2625,3673,0.7148,0.6492
50105-3,BT-20,10151-101-1,Nintedanib,10,uM,LJP6,72,hr,1097,1948,3673,0.5305,0.3897
50105-3,BT-20,10157-101-1,Foretinib,0.04,uM,LJP5,72,hr,1097,4073,3846,1.0589,1.0639
50105-3,BT-20,10157-101-1,Foretinib,0.12,uM,LJP5,72,hr,1097,3635,3846,0.9454,0.9390
50105-3,BT-20,10157-101-1,Foretinib,0.37,uM,LJP5,72,hr,1097,1634,3846,0.4250,0.2458
50105-3,BT-20,10157-101-1,Foretinib,1.11,uM,LJP5,72,hr,1097,1269,3846,0.3307,0.0840
50105-3,BT-20,10157-101-1,Foretinib,3.33,uM,LJP5,72,hr,1097,1303,3846,0.3389,0.0996
50105-3,BT-20,10157-101-1,Foretinib,10,uM,LJP5,72,hr,1097,976,3846,0.2538,-0.0628
50105-3,BT-20,10158-101-1,AZD 5438,0.04,uM,LJP6,72,hr,1097,3015,3673,0.8207,0.7856
50105-3,BT-20,10158-101-1,AZD 5438,0.12,uM,LJP6,72,hr,1097,2250,3673,0.6128,0.5098
50105-3,BT-20,10158-101-1,AZD 5438,0.37,uM,LJP6,72,hr,1097,1456,3673,0.3961,0.1749
50105-3,BT-20,10158-101-1,AZD 5438,1.11,uM,LJP6,72,hr,1097,1022,3673,0.2782,-0.0402
50105-3,BT-20,10158-101-1,AZD 5438,3.33,uM,LJP6,72,hr,1097,761,3673,0.2074,-0.1891
50105-3,BT-20,10158-101-1,AZD 5438,10,uM,LJP6,72,hr,1097,540,3673,0.1470,-0.3343
50105-3,BT-20,10159-101-1,Pelitinib,0.04,uM,LJP5,72,hr,1097,3481,3846,0.9048,0.8920
50105-3,BT-20,10159-101-1,Pelitinib,0.12,uM,LJP5,72,hr,1097,3065,3846,0.7967,0.7625
50105-3,BT-20,10159-101-1,Pelitinib,0.37,uM,LJP5,72,hr,1097,3066,3846,0.7977,0.7653
50105-3,BT-20,10159-101-1,Pelitinib,1.11,uM,LJP5,72,hr,1097,2763,3846,0.7186,0.6658
50105-3,BT-20,10159-101-1,Pelitinib,3.33,uM,LJP5,72,hr,1097,2256,3846,0.5870,0.4897
50105-3,BT-20,10159-101-1,Pelitinib,10,uM,LJP5,72,hr,1097,807,3846,0.2097,-0.1571
50105-3,BT-20,10161-101-1,Luminespib,0.04,uM,LJP5,72,hr,1097,1146,3846,0.2983,0.0243
50105-3,BT-20,10161-101-1,Luminespib,0.12,uM,LJP5,72,hr,1097,1164,3846,0.3029,0.0333
50105-3,BT-20,10161-101-1,Luminespib,0.37,uM,LJP5,72,hr,1097,1128,3846,0.2936,0.0153
50105-3,BT-20,10161-101-1,Luminespib,1.11,uM,LJP5,72,hr,1097,1155,3846,0.3004,0.0287
50105-3,BT-20,10161-101-1,Luminespib,3.33,uM,LJP5,72,hr,1097,1139,3846,0.2964,0.0209
50105-3,BT-20,10161-101-1,Luminespib,10,uM,LJP5,72,hr,1097,1241,3846,0.3228,0.0703
50105-3,BT-20,10164-101-1,AZD8330,0.04,uM,LJP5,72,hr,1097,2875,3846,0.7480,0.7034
50105-3,BT-20,10164-101-1,AZD8330,0.12,uM,LJP5,72,hr,1097,2907,3846,0.7558,0.7129
50105-3,BT-20,10164-101-1,AZD8330,0.37,uM,LJP5,72,hr,1097,2988,3846,0.7769,0.7394
50105-3,BT-20,10164-101-1,AZD8330,1.11,uM,LJP5,72,hr,1097,2914,3846,0.7572,0.7141
50105-3,BT-20,10164-101-1,AZD8330,3.33,uM,LJP5,72,hr,1097,3168,3846,0.8252,0.7981
50105-3,BT-20,10164-101-1,AZD8330,10,uM,LJP5,72,hr,1097,3259,3846,0.8483,0.8263
50105-3,BT-20,10171-101-1,TGX221,0.04,uM,LJP5,72,hr,1097,3685,3846,0.9588,0.9542
50105-3,BT-20,10171-101-1,TGX221,0.12,uM,LJP5,72,hr,1097,3695,3846,0.9605,0.9552
50105-3,BT-20,10171-101-1,TGX221,0.37,uM,LJP5,72,hr,1097,3823,3846,0.9940,0.9932
50105-3,BT-20,10171-101-1,TGX221,1.11,uM,LJP5,72,hr,1097,4111,3846,1.0690,1.0745
50105-3,BT-20,10171-101-1,TGX221,3.33,uM,LJP5,72,hr,1097,4159,3846,1.0807,1.0868
50105-3,BT-20,10171-101-1,TGX221,10,uM,LJP5,72,hr,1097,3970,3846,1.0325,1.0357
50105-3,BT-20,10172-101-1,GSK1059615,0.04,uM,LJP5,72,hr,1097,3637,3846,0.9448,0.9368
50105-3,BT-20,10172-101-1,GSK1059615,0.04,uM,LJP6,72,hr,1097,3105,3673,0.8451,0.8155
50105-3,BT-20,10172-101-1,GSK1059615,0.12,uM,LJP5,72,hr,1097,2863,3846,0.7439,0.6977
50105-3,BT-20,10172-101-1,GSK1059615,0.12,uM,LJP6,72,hr,1097,2383,3673,0.6489,0.5601
50105-3,BT-20,10172-101-1,GSK1059615,0.37,uM,LJP5,72,hr,1097,1427,3846,0.3714,0.1567
50105-3,BT-20,10172-101-1,GSK1059615,0.37,uM,LJP6,72,hr,1097,1796,3673,0.4894,0.3268
50105-3,BT-20,10172-101-1,GSK1059615,1.11,uM,LJP5,72,hr,1097,596,3846,0.1549,-0.2873
50105-3,BT-20,10172-101-1,GSK1059615,1.11,uM,LJP6,72,hr,1097,775,3673,0.2114,-0.1810
50105-3,BT-20,10172-101-1,GSK1059615,3.33,uM,LJP5,72,hr,1097,474,3846,0.1230,-0.3734
50105-3,BT-20,10172-101-1,GSK1059615,3.33,uM,LJP6,72,hr,1097,514,3673,0.1399,-0.3533
50105-3,BT-20,10172-101-1,GSK1059615,10,uM,LJP5,72,hr,1097,354,3846,0.0918,-0.4691
50105-3,BT-20,10172-101-1,GSK1059615,10,uM,LJP6,72,hr,1097,454,3673,0.1240,-0.3978
50105-3,BT-20,10177-101-1,Brivanib,0.04,uM,LJP5,72,hr,1097,3576,3846,0.9300,0.9214
50105-3,BT-20,10177-101-1,Brivanib,0.12,uM,LJP5,72,hr,1097,3567,3846,0.9269,0.9168
50105-3,BT-20,10177-101-1,Brivanib,0.37,uM,LJP5,72,hr,1097,3699,3846,0.9621,0.9572
50105-3,BT-20,10177-101-1,Brivanib,1.11,uM,LJP5,72,hr,1097,3575,3846,0.9294,0.9202
50105-3,BT-20,10177-101-1,Brivanib,3.33,uM,LJP5,72,hr,1097,3666,3846,0.9541,0.9485
50105-3,BT-20,10177-101-1,Brivanib,10,uM,LJP5,72,hr,1097,3290,3846,0.8547,0.8326
50105-3,BT-20,10180-101-1,CHIR-99021,0.04,uM,LJP6,72,hr,1097,3192,3673,0.8686,0.8439
50105-3,BT-20,10180-101-1,CHIR-99021,0.12,uM,LJP6,72,hr,1097,3254,3673,0.8862,0.8656
50105-3,BT-20,10180-101-1,CHIR-99021,0.37,uM,LJP6,72,hr,1097,3245,3673,0.8833,0.8619
50105-3,BT-20,10180-101-1,CHIR-99021,1.11,uM,LJP6,72,hr,1097,3370,3673,0.9176,0.9036
50105-3,BT-20,10180-101-1,CHIR-99021,3.33,uM,LJP6,72,hr,1097,3450,3673,0.9386,0.9267
50105-3,BT-20,10180-101-1,CHIR-99021,10,uM,LJP6,72,hr,1097,2811,3673,0.7649,0.7140
50105-3,BT-20,10182-101-1,Linifanib,0.04,uM,LJP6,72,hr,1097,3950,3673,1.0759,1.0857
50105-3,BT-20,10182-101-1,Linifanib,0.12,uM,LJP6,72,hr,1097,3763,3673,1.0247,1.0279
50105-3,BT-20,10182-101-1,Linifanib,0.37,uM,LJP6,72,hr,1097,3801,3673,1.0348,1.0397
50105-3,BT-20,10182-101-1,Linifanib,1.11,uM,LJP6,72,hr,1097,3843,3673,1.0465,1.0530
50105-3,BT-20,10182-101-1,Linifanib,3.33,uM,LJP6,72,hr,1097,3739,3673,1.0179,1.0204
50105-3,BT-20,10182-101-1,Linifanib,10,uM,LJP6,72,hr,1097,1687,3673,0.4595,0.2791
50105-3,BT-20,10190-101-1,PIK-93,0.04,uM,LJP5,72,hr,1097,3895,3846,1.0138,1.0156
50105-3,BT-20,10190-101-1,PIK-93,0.12,uM,LJP5,72,hr,1097,4017,3846,1.0449,1.0483
50105-3,BT-20,10190-101-1,PIK-93,0.37,uM,LJP5,72,hr,1097,3878,3846,1.0088,1.0095
50105-3,BT-20,10190-101-1,PIK-93,1.11,uM,LJP5,72,hr,1097,3501,3846,0.9101,0.8982
50105-3,BT-20,10190-101-1,PIK-93,3.33,uM,LJP5,72,hr,1097,3007,3846,0.7822,0.7462
50105-3,BT-20,10190-101-1,PIK-93,10,uM,LJP5,72,hr,1097,1361,3846,0.3541,0.1266
50105-3,BT-20,10232-101-1,Dactolisib,0.04,uM,LJP5,72,hr,1097,1392,3846,0.3624,0.1409
50105-3,BT-20,10232-101-1,Dactolisib,0.12,uM,LJP5,72,hr,1097,1098,3846,0.2860,0.0005
50105-3,BT-20,10232-101-1,Dactolisib,0.37,uM,LJP5,72,hr,1097,1053,3846,0.2743,-0.0220
50105-3,BT-20,10232-101-1,Dactolisib,1.11,uM,LJP5,72,hr,1097,1231,3846,0.3208,0.0656
50105-3,BT-20,10232-101-1,Dactolisib,3.33,uM,LJP5,72,hr,1097,1295,3846,0.3372,0.0961
50105-3,BT-20,10232-101-1,Dactolisib,10,uM,LJP5,72,hr,1097,1422,3846,0.3704,0.1543
50105-3,BT-20,10233-101-1,Alpelisib,0.04,uM,LJP5,72,hr,1097,4057,3846,1.0566,1.0607
50105-3,BT-20,10233-101-1,Alpelisib,0.12,uM,LJP5,72,hr,1097,3808,3846,0.9907,0.9892
50105-3,BT-20,10233-101-1,Alpelisib,0.37,uM,LJP5,72,hr,1097,2957,3846,0.7696,0.7279
50105-3,BT-20,10233-101-1,Alpelisib,1.11,uM,LJP5,72,hr,1097,2083,3846,0.5425,0.4257
50105-3,BT-20,10233-101-1,Alpelisib,3.33,uM,LJP5,72,hr,1097,1241,3846,0.3224,0.0683
50105-3,BT-20,10233-101-1,Alpelisib,10,uM,LJP5,72,hr,1097,758,3846,0.1971,-0.1852
50105-3,BT-20,10234-101-1,GDC-0980,0.04,uM,LJP5,72,hr,1097,1402,3846,0.3645,0.1439
50105-3,BT-20,10234-101-1,GDC-0980,0.12,uM,LJP5,72,hr,1097,984,3846,0.2560,-0.0584
50105-3,BT-20,10234-101-1,GDC-0980,0.37,uM,LJP5,72,hr,1097,868,3846,0.2260,-0.1211
50105-3,BT-20,10234-101-1,GDC-0980,1.11,uM,LJP5,72,hr,1097,832,3846,0.2163,-0.1421
50105-3,BT-20,10234-101-1,GDC-0980,3.33,uM,LJP5,72,hr,1097,785,3846,0.2043,-0.1691
50105-3,BT-20,10234-101-1,GDC-0980,10,uM,LJP5,72,hr,1097,754,3846,0.1962,-0.1874
50105-3,BT-20,10479-102-1,Mitoxantrone,0.04,uM,LJP5,72,hr,1097,1459,3846,0.3793,0.1699
50105-3,BT-20,10479-102-1,Mitoxantrone,0.04,uM,LJP6,72,hr,1097,1404,3673,0.3827,0.1513
50105-3,BT-20,10479-102-1,Mitoxantrone,0.12,uM,LJP5,72,hr,1097,1136,3846,0.2950,0.0175
50105-3,BT-20,10479-102-1,Mitoxantrone,0.12,uM,LJP6,72,hr,1097,1149,3673,0.3131,0.0272
50105-3,BT-20,10479-102-1,Mitoxantrone,0.37,uM,LJP5,72,hr,1097,917,3846,0.2384,-0.0948
50105-3,BT-20,10479-102-1,Mitoxantrone,0.37,uM,LJP6,72,hr,1097,994,3673,0.2709,-0.0551
50105-3,BT-20,10479-102-1,Mitoxantrone,1.11,uM,LJP5,72,hr,1097,793,3846,0.2065,-0.1644
50105-3,BT-20,10479-102-1,Mitoxantrone,1.11,uM,LJP6,72,hr,1097,789,3673,0.2151,-0.1729
50105-3,BT-20,10479-102-1,Mitoxantrone,3.33,uM,LJP5,72,hr,1097,691,3846,0.1798,-0.2262
50105-3,BT-20,10479-102-1,Mitoxantrone,3.33,uM,LJP6,72,hr,1097,657,3673,0.1793,-0.2551
50105-3,BT-20,10479-102-1,Mitoxantrone,10,uM,LJP5,72,hr,1097,158,3846,0.0411,-0.6586
50105-3,BT-20,10479-102-1,Mitoxantrone,10,uM,LJP6,72,hr,1097,201,3673,0.0550,-0.6219
50105-3,BT-20,10480-101-1,Radicicol,0.04,uM,LJP5,72,hr,1097,3196,3846,0.8313,0.8059
50105-3,BT-20,10480-101-1,Radicicol,0.04,uM,LJP6,72,hr,1097,2856,3673,0.7776,0.7312
50105-3,BT-20,10480-101-1,Radicicol,0.12,uM,LJP5,72,hr,1097,2153,3846,0.5613,0.4518
50105-3,BT-20,10480-101-1,Radicicol,0.12,uM,LJP6,72,hr,1097,1746,3673,0.4749,0.3039
50105-3,BT-20,10480-101-1,Radicicol,0.37,uM,LJP5,72,hr,1097,1447,3846,0.3773,0.1652
50105-3,BT-20,10480-101-1,Radicicol,0.37,uM,LJP6,72,hr,1097,1288,3673,0.3510,0.0967
50105-3,BT-20,10480-101-1,Radicicol,1.11,uM,LJP5,72,hr,1097,1167,3846,0.3040,0.0350
50105-3,BT-20,10480-101-1,Radicicol,1.11,uM,LJP6,72,hr,1097,1214,3673,0.3304,0.0591
50105-3,BT-20,10480-101-1,Radicicol,3.33,uM,LJP5,72,hr,1097,968,3846,0.2518,-0.0669
50105-3,BT-20,10480-101-1,Radicicol,3.33,uM,LJP6,72,hr,1097,1007,3673,0.2743,-0.0480
50105-3,BT-20,10480-101-1,Radicicol,10,uM,LJP5,72,hr,1097,704,3846,0.1827,-0.2196
50105-3,BT-20,10480-101-1,Radicicol,10,uM,LJP6,72,hr,1097,595,3673,0.1621,-0.2958
50105-3,BT-20,10481-101-1,Withaferin A,0.04,uM,LJP5,72,hr,1097,4114,3846,1.0697,1.0755
50105-3,BT-20,10481-101-1,Withaferin A,0.04,uM,LJP6,72,hr,1097,3946,3673,1.0747,1.0842
50105-3,BT-20,10481-101-1,Withaferin A,0.12,uM,LJP5,72,hr,1097,4236,3846,1.1019,1.1104
50105-3,BT-20,10481-101-1,Withaferin A,0.12,uM,LJP6,72,hr,1097,3547,3673,0.9661,0.9603
50105-3,BT-20,10481-101-1,Withaferin A,0.37,uM,LJP5,72,hr,1097,2794,3846,0.7272,0.6771
50105-3,BT-20,10481-101-1,Withaferin A,0.37,uM,LJP6,72,hr,1097,2260,3673,0.6157,0.5139
50105-3,BT-20,10481-101-1,Withaferin A,1.11,uM,LJP5,72,hr,1097,990,3846,0.2576,-0.0553
50105-3,BT-20,10481-101-1,Withaferin A,1.11,uM,LJP6,72,hr,1097,900,3673,0.2450,-0.1075
50105-3,BT-20,10481-101-1,Withaferin A,3.33,uM,LJP5,72,hr,1097,568,3846,0.1480,-0.3047
50105-3,BT-20,10481-101-1,Withaferin A,3.33,uM,LJP6,72,hr,1097,535,3673,0.1458,-0.3376
50105-3,BT-20,10481-101-1,Withaferin A,10,uM,LJP5,72,hr,1097,615,3846,0.1601,-0.2739
50105-3,BT-20,10481-101-1,Withaferin A,10,uM,LJP6,72,hr,1097,566,3673,0.1542,-0.3158
50238-3,Hs 578T,10001-101-1,Seliciclib,0.04,uM,LJP5,72,hr,658,4001,3933,1.0171,1.0130
50238-3,Hs 578T,10001-101-1,Seliciclib,0.12,uM,LJP5,72,hr,658,3900,3933,0.9916,0.9933
50238-3,Hs 578T,10001-101-1,Seliciclib,0.37,uM,LJP5,72,hr,658,3790,3933,0.9635,0.9713
50238-3,Hs 578T,10001-101-1,Seliciclib,1.11,uM,LJP5,72,hr,658,3525,3933,0.8962,0.9168
50238-3,Hs 578T,10001-101-1,Seliciclib,3.33,uM,LJP5,72,hr,658,3388,3933,0.8615,0.8877
50238-3,Hs 578T,10001-101-1,Seliciclib,10,uM,LJP5,72,hr,658,2298,3933,0.5845,0.6238
50238-3,Hs 578T,10004-101-1,AT-7519,0.04,uM,LJP6,72,hr,658,2831,3761,0.7524,0.7857
50238-3,Hs 578T,10004-101-1,AT-7519,0.12,uM,LJP6,72,hr,658,897,3761,0.2387,0.1311
50238-3,Hs 578T,10004-101-1,AT-7519,0.37,uM,LJP6,72,hr,658,423,3761,0.1127,-0.1611
50238-3,Hs 578T,10004-101-1,AT-7519,1.11,uM,LJP6,72,hr,658,442,3761,0.1175,-0.1466
50238-3,Hs 578T,10004-101-1,AT-7519,3.33,uM,LJP6,72,hr,658,341,3761,0.0908,-0.2312
50238-3,Hs 578T,10004-101-1,AT-7519,10,uM,LJP6,72,hr,658,304,3761,0.0811,-0.2642
50238-3,Hs 578T,10006-101-1,AZD7762,0.04,uM,LJP6,72,hr,658,2131,3761,0.5665,0.5953
50238-3,Hs 578T,10006-101-1,AZD7762,0.12,uM,LJP6,72,hr,658,968,3761,0.2572,0.1635
50238-3,Hs 578T,10006-101-1,AZD7762,0.37,uM,LJP6,72,hr,658,632,3761,0.1681,-0.0170
50238-3,Hs 578T,10006-101-1,AZD7762,1.11,uM,LJP6,72,hr,658,398,3761,0.1060,-0.1812
50238-3,Hs 578T,10006-101-1,AZD7762,3.33,uM,LJP6,72,hr,658,272,3761,0.0723,-0.2965
50238-3,Hs 578T,10006-101-1,AZD7762,10,uM,LJP6,72,hr,658,203,3761,0.0542,-0.3743
50238-3,Hs 578T,10007-101-1,AZD8055,0.04,uM,LJP6,72,hr,658,1200,3761,0.3192,0.2698
50238-3,Hs 578T,10007-101-1,AZD8055,0.12,uM,LJP6,72,hr,658,1002,3761,0.2665,0.1819
50238-3,Hs 578T,10007-101-1,AZD8055,0.37,uM,LJP6,72,hr,658,939,3761,0.2496,0.1512
50238-3,Hs 578T,10007-101-1,AZD8055,1.11,uM,LJP6,72,hr,658,910,3761,0.2420,0.1372
50238-3,Hs 578T,10007-101-1,AZD8055,3.33,uM,LJP6,72,hr,658,848,3761,0.2256,0.1060
50238-3,Hs 578T,10007-101-1,AZD8055,10,uM,LJP6,72,hr,658,103,3761,0.0276,-0.5223
50238-3,Hs 578T,10008-101-1,Sorafenib,0.04,uM,LJP6,72,hr,658,3967,3761,1.0550,1.0430
50238-3,Hs 578T,10008-101-1,Sorafenib,0.12,uM,LJP6,72,hr,658,4138,3761,1.1003,1.0774
50238-3,Hs 578T,10008-101-1,Sorafenib,0.37,uM,LJP6,72,hr,658,4009,3761,1.0664,1.0517
50238-3,Hs 578T,10008-101-1,Sorafenib,1.11,uM,LJP6,72,hr,658,3950,3761,1.0503,1.0393
50238-3,Hs 578T,10008-101-1,Sorafenib,3.33,uM,LJP6,72,hr,658,3885,3761,1.0332,1.0262
50238-3,Hs 578T,10008-101-1,Sorafenib,10,uM,LJP6,72,hr,658,2751,3761,0.7319,0.7664
50238-3,Hs 578T,10009-101-1,CP466722,0.04,uM,LJP5,72,hr,658,4134,3933,1.0510,1.0388
50238-3,Hs 578T,10009-101-1,CP466722,0.12,uM,LJP5,72,hr,658,4061,3933,1.0324,1.0246
50238-3,Hs 578T,10009-101-1,CP466722,0.37,uM,LJP5,72,hr,658,3992,3933,1.0150,1.0115
50238-3,Hs 578T,10009-101-1,CP466722,1.11,uM,LJP5,72,hr,658,3740,3933,0.9509,0.9612
50238-3,Hs 578T,10009-101-1,CP466722,3.33,uM,LJP5,72,hr,658,3422,3933,0.8700,0.8946
50238-3,Hs 578T,10009-101-1,CP466722,10,uM,LJP5,72,hr,658,1961,3933,0.4986,0.5267
50238-3,Hs 578T,10010-101-1,CP724714,0.04,uM,LJP5,72,hr,658,3666,3933,0.9320,0.9459
50238-3,Hs 578T,10010-101-1,CP724714,0.12,uM,LJP5,72,hr,658,3609,3933,0.9174,0.9342
50238-3,Hs 578T,10010-101-1,CP724714,0.37,uM,LJP5,72,hr,658,3682,3933,0.9359,0.9490
50238-3,Hs 578T,10010-101-1,CP724714,1.11,uM,LJP5,72,hr,658,3493,3933,0.8880,0.9096
50238-3,Hs 578T,10010-101-1,CP724714,3.33,uM,LJP5,72,hr,658,3490,3933,0.8873,0.9094
50238-3,Hs 578T,10010-101-1,CP724714,10,uM,LJP5,72,hr,658,3308,3933,0.8409,0.8698
50238-3,Hs 578T,10011-101-1,Alvocidib,0.04,uM,LJP6,72,hr,658,1085,3761,0.2888,0.2202
50238-3,Hs 578T,10011-101-1,Alvocidib,0.12,uM,LJP6,72,hr,658,409,3761,0.1087,-0.1740
50238-3,Hs 578T,10011-101-1,Alvocidib,0.37,uM,LJP6,72,hr,658,372,3761,0.0988,-0.2037
50238-3,Hs 578T,10011-101-1,Alvocidib,1.11,uM,LJP6,72,hr,658,424,3761,0.1126,-0.1621
50238-3,Hs 578T,10011-101-1,Alvocidib,3.33,uM,LJP6,72,hr,658,419,3761,0.1114,-0.1651
50238-3,Hs 578T,10011-101-1,Alvocidib,10,uM,LJP6,72,hr,658,384,3761,0.1023,-0.1924
50238-3,Hs 578T,10014-101-1,GW843682X,0.04,uM,LJP6,72,hr,658,3186,3761,0.8471,0.8721
50238-3,Hs 578T,10014-101-1,GW843682X,0.12,uM,LJP6,72,hr,658,1516,3761,0.4032,0.3925
50238-3,Hs 578T,10014-101-1,GW843682X,0.37,uM,LJP6,72,hr,658,685,3761,0.1821,0.0158
50238-3,Hs 578T,10014-101-1,GW843682X,1.11,uM,LJP6,72,hr,658,517,3761,0.1375,-0.0920
50238-3,Hs 578T,10014-101-1,GW843682X,3.33,uM,LJP6,72,hr,658,503,3761,0.1338,-0.1015
50238-3,Hs 578T,10014-101-1,GW843682X,10,uM,LJP6,72,hr,658,911,3761,0.2424,0.1321
50238-3,Hs 578T,10015-101-1,HG-5-113-01,0.04,uM,LJP5,72,hr,658,3655,3933,0.9293,0.9438
50238-3,Hs 578T,10015-101-1,HG-5-113-01,0.12,uM,LJP5,72,hr,658,3479,3933,0.8846,0.9067
50238-3,Hs 578T,10015-101-1,HG-5-113-01,0.37,uM,LJP5,72,hr,658,2668,3933,0.6784,0.7205
50238-3,Hs 578T,10015-101-1,HG-5-113-01,1.11,uM,LJP5,72,hr,658,1157,3933,0.2942,0.2437
50238-3,Hs 578T,10015-101-1,HG-5-113-01,3.33,uM,LJP5,72,hr,658,645,3933,0.1640,-0.0080
50238-3,Hs 578T,10015-101-1,HG-5-113-01,10,uM,LJP5,72,hr,658,581,3933,0.1478,-0.0477
50238-3,Hs 578T,10016-101-1,HG-5-88-01,0.04,uM,LJP6,72,hr,658,3417,3761,0.9084,0.9250
50238-3,Hs 578T,10016-101-1,HG-5-88-01,0.12,uM,LJP6,72,hr,658,3264,3761,0.8680,0.8905
50238-3,Hs 578T,10016-101-1,HG-5-88-01,0.37,uM,LJP6,72,hr,658,3164,3761,0.8415,0.8673
50238-3,Hs 578T,10016-101-1,HG-5-88-01,1.11,uM,LJP6,72,hr,658,3128,3761,0.8316,0.8585
50238-3,Hs 578T,10016-101-1,HG-5-88-01,3.33,uM,LJP6,72,hr,658,3141,3761,0.8349,0.8612
50238-3,Hs 578T,10016-101-1,HG-5-88-01,10,uM,LJP6,72,hr,658,2287,3761,0.6080,0.6407
50238-3,Hs 578T,10017-101-1,HG-6-64-01,0.04,uM,LJP6,72,hr,658,3284,3761,0.8733,0.8949
50238-3,Hs 578T,10017-101-1,HG-6-64-01,0.12,uM,LJP6,72,hr,658,2417,3761,0.6427,0.6775
50238-3,Hs 578T,10017-101-1,HG-6-64-01,0.37,uM,LJP6,72,hr,658,1542,3761,0.4100,0.4026
50238-3,Hs 578T,10017-101-1,HG-6-64-01,1.11,uM,LJP6,72,hr,658,963,3761,0.2562,0.1635
50238-3,Hs 578T,10017-101-1,HG-6-64-01,3.33,uM,LJP6,72,hr,658,576,3761,0.1532,-0.0521
50238-3,Hs 578T,10017-101-1,HG-6-64-01,10,uM,LJP6,72,hr,658,184,3761,0.0492,-0.3976
50238-3,Hs 578T,10018-101-1,Neratinib,0.04,uM,LJP5,72,hr,658,3377,3933,0.8584,0.8845
50238-3,Hs 578T,10018-101-1,Neratinib,0.12,uM,LJP5,72,hr,658,2999,3933,0.7625,0.8003
50238-3,Hs 578T,10018-101-1,Neratinib,0.37,uM,LJP5,72,hr,658,2043,3933,0.5193,0.5511
50238-3,Hs 578T,10018-101-1,Neratinib,1.11,uM,LJP5,72,hr,658,1178,3933,0.2994,0.2518
50238-3,Hs 578T,10018-101-1,Neratinib,3.33,uM,LJP5,72,hr,658,658,3933,0.1675,0.0000
50238-3,Hs 578T,10018-101-1,Neratinib,10,uM,LJP5,72,hr,658,568,3933,0.1445,-0.0559
50238-3,Hs 578T,10019-101-1,JW-7-24-1,0.04,uM,LJP6,72,hr,658,3349,3761,0.8904,0.9095
50238-3,Hs 578T,10019-101-1,JW-7-24-1,0.12,uM,LJP6,72,hr,658,3068,3761,0.8158,0.8445
50238-3,Hs 578T,10019-101-1,JW-7-24-1,0.37,uM,LJP6,72,hr,658,2601,3761,0.6913,0.7261
50238-3,Hs 578T,10019-101-1,JW-7-24-1,1.11,uM,LJP6,72,hr,658,2001,3761,0.5319,0.5558
50238-3,Hs 578T,10019-101-1,JW-7-24-1,3.33,uM,LJP6,72,hr,658,1400,3761,0.3724,0.3492
50238-3,Hs 578T,10019-101-1,JW-7-24-1,10,uM,LJP6,72,hr,658,280,3761,0.0746,-0.2886
50238-3,Hs 578T,10020-101-1,Dasatinib,0.04,uM,LJP5,72,hr,658,2521,3933,0.6408,0.6829
50238-3,Hs 578T,10020-101-1,Dasatinib,0.04,uM,LJP6,72,hr,658,694,3761,0.1848,0.0215
50238-3,Hs 578T,10020-101-1,Dasatinib,0.12,uM,LJP5,72,hr,658,1468,3933,0.3732,0.3645
50238-3,Hs 578T,10020-101-1,Dasatinib,0.12,uM,LJP6,72,hr,658,708,3761,0.1885,0.0294
50238-3,Hs 578T,10020-101-1,Dasatinib,0.37,uM,LJP5,72,hr,658,833,3933,0.2117,0.0945
50238-3,Hs 578T,10020-101-1,Dasatinib,0.37,uM,LJP6,72,hr,658,668,3761,0.1775,0.0049
50238-3,Hs 578T,10020-101-1,Dasatinib,1.11,uM,LJP5,72,hr,658,567,3933,0.1442,-0.0560
50238-3,Hs 578T,10020-101-1,Dasatinib,1.11,uM,LJP6,72,hr,658,574,3761,0.1529,-0.0538
50238-3,Hs 578T,10020-101-1,Dasatinib,3.33,uM,LJP5,72,hr,658,556,3933,0.1414,-0.0638
50238-3,Hs 578T,10020-101-1,Dasatinib,3.33,uM,LJP6,72,hr,658,540,3761,0.1437,-0.0755
50238-3,Hs 578T,10020-101-1,Dasatinib,10,uM,LJP5,72,hr,658,608,3933,0.1547,-0.0325
50238-3,Hs 578T,10020-101-1,Dasatinib,10,uM,LJP6,72,hr,658,436,3761,0.1159,-0.1512
50238-3,Hs 578T,10021-101-1,Tozasertib,0.04,uM,LJP5,72,hr,658,779,3933,0.1981,0.0675
50238-3,Hs 578T,10021-101-1,Tozasertib,0.12,uM,LJP5,72,hr,658,764,3933,0.1943,0.0592
50238-3,Hs 578T,10021-101-1,Tozasertib,0.37,uM,LJP5,72,hr,658,789,3933,0.2006,0.0727
50238-3,Hs 578T,10021-101-1,Tozasertib,1.11,uM,LJP5,72,hr,658,716,3933,0.1820,0.0327
50238-3,Hs 578T,10021-101-1,Tozasertib,3.33,uM,LJP5,72,hr,658,791,3933,0.2012,0.0734
50238-3,Hs 578T,10021-101-1,Tozasertib,10,uM,LJP5,72,hr,658,786,3933,0.1998,0.0712
50238-3,Hs 578T,10023-103-1,Imatinib,0.04,uM,LJP6,72,hr,658,3808,3761,1.0127,1.0099
50238-3,Hs 578T,10023-103-1,Imatinib,0.12,uM,LJP6,72,hr,658,3710,3761,0.9865,0.9892
50238-3,Hs 578T,10023-103-1,Imatinib,0.37,uM,LJP6,72,hr,658,3634,3761,0.9665,0.9729
50238-3,Hs 578T,10023-103-1,Imatinib,1.11,uM,LJP6,72,hr,658,3672,3761,0.9764,0.9811
50238-3,Hs 578T,10023-103-1,Imatinib,3.33,uM,LJP6,72,hr,658,3729,3761,0.9915,0.9930
50238-3,Hs 578T,10023-103-1,Imatinib,10,uM,LJP6,72,hr,658,3447,3761,0.9161,0.9310
50238-3,Hs 578T,10024-101-1,NVP-TAE684,0.04,uM,LJP6,72,hr,658,3080,3761,0.8188,0.8470
50238-3,Hs 578T,10024-101-1,NVP-TAE684,0.12,uM,LJP6,72,hr,658,2583,3761,0.6867,0.7222
50238-3,Hs 578T,10024-101-1,NVP-TAE684,0.37,uM,LJP6,72,hr,658,1913,3761,0.5085,0.5282
50238-3,Hs 578T,10024-101-1,NVP-TAE684,1.11,uM,LJP6,72,hr,658,1122,3761,0.2987,0.2319
50238-3,Hs 578T,10024-101-1,NVP-TAE684,3.33,uM,LJP6,72,hr,658,832,3761,0.2213,0.0978
50238-3,Hs 578T,10024-101-1,NVP-TAE684,10,uM,LJP6,72,hr,658,210,3761,0.0561,-0.3648
50238-3,Hs 578T,10025-101-1,CGP60474,0.04,uM,LJP5,72,hr,658,2861,3933,0.7273,0.7675
50238-3,Hs 578T,10025-101-1,CGP60474,0.04,uM,LJP6,72,hr,658,524,3761,0.1395,-0.0863
50238-3,Hs 578T,10025-101-1,CGP60474,0.12,uM,LJP5,72,hr,658,683,3933,0.1738,0.0140
50238-3,Hs 578T,10025-101-1,CGP60474,0.12,uM,LJP6,72,hr,658,468,3761,0.1244,-0.1276
50238-3,Hs 578T,10025-101-1,CGP60474,0.37,uM,LJP5,72,hr,658,456,3933,0.1159,-0.1327
50238-3,Hs 578T,10025-101-1,CGP60474,0.37,uM,LJP6,72,hr,658,517,3761,0.1374,-0.0920
50238-3,Hs 578T,10025-101-1,CGP60474,1.11,uM,LJP5,72,hr,658,435,3933,0.1107,-0.1485
50238-3,Hs 578T,10025-101-1,CGP60474,1.11,uM,LJP6,72,hr,658,461,3761,0.1227,-0.1325
50238-3,Hs 578T,10025-101-1,CGP60474,3.33,uM,LJP5,72,hr,658,383,3933,0.0975,-0.1895
50238-3,Hs 578T,10025-101-1,CGP60474,3.33,uM,LJP6,72,hr,658,440,3761,0.1170,-0.1480
50238-3,Hs 578T,10025-101-1,CGP60474,10,uM,LJP5,72,hr,658,366,3933,0.0932,-0.2032
50238-3,Hs 578T,10025-101-1,CGP60474,10,uM,LJP6,72,hr,658,379,3761,0.1008,-0.1986
50238-3,Hs 578T,10026-101-1,PD173074,0.04,uM,LJP6,72,hr,658,3362,3761,0.8942,0.9130
50238-3,Hs 578T,10026-101-1,PD173074,0.12,uM,LJP6,72,hr,658,3209,3761,0.8533,0.8776
50238-3,Hs 578T,10026-101-1,PD173074,0.37,uM,LJP6,72,hr,658,3211,3761,0.8540,0.8784
50238-3,Hs 578T,10026-101-1,PD173074,1.11,uM,LJP6,72,hr,658,3185,3761,0.8469,0.8719
50238-3,Hs 578T,10026-101-1,PD173074,3.33,uM,LJP6,72,hr,658,2923,3761,0.7774,0.8094
50238-3,Hs 578T,10026-101-1,PD173074,10,uM,LJP6,72,hr,658,897,3761,0.2387,0.1310
50238-3,Hs 578T,10027-101-1,Crizotinib,0.04,uM,LJP5,72,hr,658,3661,3933,0.9308,0.9451
50238-3,Hs 578T,10027-101-1,Crizotinib,0.12,uM,LJP5,72,hr,658,3527,3933,0.8967,0.9172
50238-3,Hs 578T,10027-101-1,Crizotinib,0.37,uM,LJP5,72,hr,658,3387,3933,0.8611,0.8871
50238-3,Hs 578T,10027-101-1,Crizotinib,1.11,uM,LJP5,72,hr,658,2349,3933,0.5971,0.6371
50238-3,Hs 578T,10027-101-1,Crizotinib,3.33,uM,LJP5,72,hr,658,934,3933,0.2376,0.1454
50238-3,Hs 578T,10027-101-1,Crizotinib,10,uM,LJP5,72,hr,658,867,3933,0.2206,0.1130
50238-3,Hs 578T,10028-102-1,BMS345541,0.04,uM,LJP6,72,hr,658,3909,3761,1.0394,1.0309
50238-3,Hs 578T,10028-102-1,BMS345541,0.12,uM,LJP6,72,hr,658,3764,3761,1.0006,1.0002
50238-3,Hs 578T,10028-102-1,BMS345541,0.37,uM,LJP6,72,hr,658,3676,3761,0.9773,0.9814
50238-3,Hs 578T,10028-102-1,BMS345541,1.11,uM,LJP6,72,hr,658,3168,3761,0.8424,0.8676
50238-3,Hs 578T,10028-102-1,BMS345541,3.33,uM,LJP6,72,hr,658,2121,3761,0.5640,0.5926
50238-3,Hs 578T,10028-102-1,BMS345541,10,uM,LJP6,72,hr,658,317,3761,0.0843,-0.2533
50238-3,Hs 578T,10031-101-1,KIN001-043,0.04,uM,LJP6,72,hr,658,3895,3761,1.0356,1.0279
50238-3,Hs 578T,10031-101-1,KIN001-043,0.12,uM,LJP6,72,hr,658,3858,3761,1.0262,1.0206
50238-3,Hs 578T,10031-101-1,KIN001-043,0.37,uM,LJP6,72,hr,658,3888,3761,1.0341,1.0269
50238-3,Hs 578T,10031-101-1,KIN001-043,1.11,uM,LJP6,72,hr,658,3804,3761,1.0114,1.0090
50238-3,Hs 578T,10031-101-1,KIN001-043,3.33,uM,LJP6,72,hr,658,3480,3761,0.9251,0.9387
50238-3,Hs 578T,10031-101-1,KIN001-043,10,uM,LJP6,72,hr,658,1773,3761,0.4713,0.4823
50238-3,Hs 578T,10032-101-1,Saracatinib,0.04,uM,LJP6,72,hr,658,3674,3761,0.9771,0.9816
50238-3,Hs 578T,10032-101-1,Saracatinib,0.12,uM,LJP6,72,hr,658,3378,3761,0.8985,0.9166
50238-3,Hs 578T,10032-101-1,Saracatinib,0.37,uM,LJP6,72,hr,658,3112,3761,0.8275,0.8550
50238-3,Hs 578T,10032-101-1,Saracatinib,1.11,uM,LJP6,72,hr,658,2857,3761,0.7599,0.7931
50238-3,Hs 578T,10032-101-1,Saracatinib,3.33,uM,LJP6,72,hr,658,2520,3761,0.6702,0.7056
50238-3,Hs 578T,10032-101-1,Saracatinib,10,uM,LJP6,72,hr,658,1574,3761,0.4188,0.4146
50238-3,Hs 578T,10035-101-1,Sigma A6730,0.04,uM,LJP5,72,hr,658,3785,3933,0.9623,0.9704
50238-3,Hs 578T,10035-101-1,Sigma A6730,0.12,uM,LJP5,72,hr,658,3661,3933,0.9309,0.9450
50238-3,Hs 578T,10035-101-1,Sigma A6730,0.37,uM,LJP5,72,hr,658,3572,3933,0.9083,0.9266
50238-3,Hs 578T,10035-101-1,Sigma A6730,1.11,uM,LJP5,72,hr,658,3275,3933,0.8325,0.8622
50238-3,Hs 578T,10035-101-1,Sigma A6730,3.33,uM,LJP5,72,hr,658,3207,3933,0.8152,0.8474
50238-3,Hs 578T,10035-101-1,Sigma A6730,10,uM,LJP5,72,hr,658,1776,3933,0.4516,0.4689
50238-3,Hs 578T,10039-101-1,WH-4-025,0.04,uM,LJP5,72,hr,658,3294,3933,0.8375,0.8671
50238-3,Hs 578T,10039-101-1,WH-4-025,0.12,uM,LJP5,72,hr,658,2719,3933,0.6914,0.7333
50238-3,Hs 578T,10039-101-1,WH-4-025,0.37,uM,LJP5,72,hr,658,1173,3933,0.2981,0.2494
50238-3,Hs 578T,10039-101-1,WH-4-025,1.11,uM,LJP5,72,hr,658,528,3933,0.1342,-0.0822
50238-3,Hs 578T,10039-101-1,WH-4-025,3.33,uM,LJP5,72,hr,658,460,3933,0.1170,-0.1307
50238-3,Hs 578T,10039-101-1,WH-4-025,10,uM,LJP5,72,hr,658,186,3933,0.0473,-0.3913
50238-3,Hs 578T,10040-101-1,R406,0.04,uM,LJP6,72,hr,658,3673,3761,0.9768,0.9814
50238-3,Hs 578T,10040-101-1,R406,0.12,uM,LJP6,72,hr,658,3350,3761,0.8906,0.9097
50238-3,Hs 578T,10040-101-1,R406,0.37,uM,LJP6,72,hr,658,3181,3761,0.8461,0.8714
50238-3,Hs 578T,10040-101-1,R406,1.11,uM,LJP6,72,hr,658,2773,3761,0.7369,0.7705
50238-3,Hs 578T,10040-101-1,R406,3.33,uM,LJP6,72,hr,658,1994,3761,0.5303,0.5539
50238-3,Hs 578T,10040-101-1,R406,10,uM,LJP6,72,hr,658,984,3761,0.2618,0.1734
50238-3,Hs 578T,10041-101-1,BI-2536,0.04,uM,LJP6,72,hr,658,471,3761,0.1255,-0.1241
50238-3,Hs 578T,10041-101-1,BI-2536,0.12,uM,LJP6,72,hr,658,493,3761,0.1311,-0.1087
50238-3,Hs 578T,10041-101-1,BI-2536,0.37,uM,LJP6,72,hr,658,527,3761,0.1402,-0.0849
50238-3,Hs 578T,10041-101-1,BI-2536,1.11,uM,LJP6,72,hr,658,578,3761,0.1538,-0.0503
50238-3,Hs 578T,10041-101-1,BI-2536,3.33,uM,LJP6,72,hr,658,602,3761,0.1602,-0.0348
50238-3,Hs 578T,10041-101-1,BI-2536,10,uM,LJP6,72,hr,658,455,3761,0.1209,-0.1387
50238-3,Hs 578T,10045-101-1,A443654,0.04,uM,LJP6,72,hr,658,2140,3761,0.5693,0.5985
50238-3,Hs 578T,10045-101-1,A443654,0.12,uM,LJP6,72,hr,658,940,3761,0.2502,0.1524
50238-3,Hs 578T,10045-101-1,A443654,0.37,uM,LJP6,72,hr,658,384,3761,0.1022,-0.1934
50238-3,Hs 578T,10045-101-1,A443654,1.11,uM,LJP6,72,hr,658,308,3761,0.0819,-0.2618
50238-3,Hs 578T,10045-101-1,A443654,3.33,uM,LJP6,72,hr,658,294,3761,0.0781,-0.2747
50238-3,Hs 578T,10045-101-1,A443654,10,uM,LJP6,72,hr,658,258,3761,0.0686,-0.3111
50238-3,Hs 578T,10046-101-1,SB590885,0.04,uM,LJP5,72,hr,658,4370,3933,1.1111,1.0833
50238-3,Hs 578T,10046-101-1,SB590885,0.12,uM,LJP5,72,hr,658,4216,3933,1.0720,1.0547
50238-3,Hs 578T,10046-101-1,SB590885,0.37,uM,LJP5,72,hr,658,4046,3933,1.0286,1.0220
50238-3,Hs 578T,10046-101-1,SB590885,1.11,uM,LJP5,72,hr,658,4011,3933,1.0196,1.0151
50238-3,Hs 578T,10046-101-1,SB590885,3.33,uM,LJP5,72,hr,658,3895,3933,0.9903,0.9924
50238-3,Hs 578T,10046-101-1,SB590885,10,uM,LJP5,72,hr,658,125,3933,0.0320,-0.4740
50238-3,Hs 578T,10047-101-1,Pictilisib,0.04,uM,LJP6,72,hr,658,2954,3761,0.7852,0.8163
50238-3,Hs 578T,10047-101-1,Pictilisib,0.12,uM,LJP6,72,hr,658,2505,3761,0.6660,0.7014
50238-3,Hs 578T,10047-101-1,Pictilisib,0.37,uM,LJP6,72,hr,658,2388,3761,0.6353,0.6698
50238-3,Hs 578T,10047-101-1,Pictilisib,1.11,uM,LJP6,72,hr,658,2100,3761,0.5585,0.5862
50238-3,Hs 578T,10047-101-1,Pictilisib,3.33,uM,LJP6,72,hr,658,1874,3761,0.4984,0.5161
50238-3,Hs 578T,10047-101-1,Pictilisib,10,uM,LJP6,72,hr,658,1333,3761,0.3545,0.3240
50238-3,Hs 578T,10048-101-1,PD184352,0.04,uM,LJP5,72,hr,658,3334,3933,0.8477,0.8758
50238-3,Hs 578T,10048-101-1,PD184352,0.12,uM,LJP5,72,hr,658,2986,3933,0.7594,0.7974
50238-3,Hs 578T,10048-101-1,PD184352,0.37,uM,LJP5,72,hr,658,2747,3933,0.6984,0.7401
50238-3,Hs 578T,10048-101-1,PD184352,1.11,uM,LJP5,72,hr,658,2468,3933,0.6275,0.6689
50238-3,Hs 578T,10048-101-1,PD184352,3.33,uM,LJP5,72,hr,658,2159,3933,0.5490,0.5848
50238-3,Hs 578T,10048-101-1,PD184352,10,uM,LJP5,72,hr,658,1158,3933,0.2944,0.2448
50238-3,Hs 578T,10049-101-1,PLX-4720,0.04,uM,LJP5,72,hr,658,4035,3933,1.0257,1.0196
50238-3,Hs 578T,10049-101-1,PLX-4720,0.12,uM,LJP5,72,hr,658,4140,3933,1.0527,1.0402
50238-3,Hs 578T,10049-101-1,PLX-4720,0.37,uM,LJP5,72,hr,658,4100,3933,1.0425,1.0325
50238-3,Hs 578T,10049-101-1,PLX-4720,1.11,uM,LJP5,72,hr,658,3899,3933,0.9915,0.9933
50238-3,Hs 578T,10049-101-1,PLX-4720,3.33,uM,LJP5,72,hr,658,3690,3933,0.9381,0.9508
50238-3,Hs 578T,10049-101-1,PLX-4720,10,uM,LJP5,72,hr,658,2868,3933,0.7290,0.7687
50238-3,Hs 578T,10051-104-1,Lapatinib,0.04,uM,LJP6,72,hr,658,3543,3761,0.9421,0.9530
50238-3,Hs 578T,10051-104-1,Lapatinib,0.12,uM,LJP6,72,hr,658,3677,3761,0.9779,0.9823
50238-3,Hs 578T,10051-104-1,Lapatinib,0.37,uM,LJP6,72,hr,658,3714,3761,0.9876,0.9901
50238-3,Hs 578T,10051-104-1,Lapatinib,1.11,uM,LJP6,72,hr,658,3746,3761,0.9962,0.9970
50238-3,Hs 578T,10051-104-1,Lapatinib,3.33,uM,LJP6,72,hr,658,3908,3761,1.0391,1.0306
50238-3,Hs 578T,10051-104-1,Lapatinib,10,uM,LJP6,72,hr,658,1772,3761,0.4709,0.4816
50238-3,Hs 578T,10052-101-1,Sirolimus,0.04,uM,LJP6,72,hr,658,2566,3761,0.6825,0.7181
50238-3,Hs 578T,10052-101-1,Sirolimus,0.12,uM,LJP6,72,hr,658,2368,3761,0.6299,0.6640
50238-3,Hs 578T,10052-101-1,Sirolimus,0.37,uM,LJP6,72,hr,658,2424,3761,0.6444,0.6791
50238-3,Hs 578T,10052-101-1,Sirolimus,1.11,uM,LJP6,72,hr,658,2457,3761,0.6535,0.6886
50238-3,Hs 578T,10052-101-1,Sirolimus,3.33,uM,LJP6,72,hr,658,2419,3761,0.6433,0.6780
50238-3,Hs 578T,10052-101-1,Sirolimus,10,uM,LJP6,72,hr,658,2466,3761,0.6558,0.6911
50238-3,Hs 578T,10053-101-1,ZSTK474,0.04,uM,LJP6,72,hr,658,2989,3761,0.7947,0.8253
50238-3,Hs 578T,10053-101-1,ZSTK474,0.12,uM,LJP6,72,hr,658,2500,3761,0.6649,0.7003
50238-3,Hs 578T,10053-101-1,ZSTK474,0.37,uM,LJP6,72,hr,658,2225,3761,0.5916,0.6231
50238-3,Hs 578T,10053-101-1,ZSTK474,1.11,uM,LJP6,72,hr,658,1928,3761,0.5127,0.5331
50238-3,Hs 578T,10053-101-1,ZSTK474,3.33,uM,LJP6,72,hr,658,1511,3761,0.4017,0.3912
50238-3,Hs 578T,10053-101-1,ZSTK474,10,uM,LJP6,72,hr,658,1120,3761,0.2979,0.2350
50238-3,Hs 578T,10055-101-1,BX-912,0.04,uM,LJP5,72,hr,658,3664,3933,0.9316,0.9456
50238-3,Hs 578T,10055-101-1,BX-912,0.12,uM,LJP5,72,hr,658,3235,3933,0.8224,0.8539
50238-3,Hs 578T,10055-101-1,BX-912,0.37,uM,LJP5,72,hr,658,2112,3933,0.5370,0.5714
50238-3,Hs 578T,10055-101-1,BX-912,1.11,uM,LJP5,72,hr,658,1363,3933,0.3465,0.3260
50238-3,Hs 578T,10055-101-1,BX-912,3.33,uM,LJP5,72,hr,658,861,3933,0.2191,0.1101
50238-3,Hs 578T,10055-101-1,BX-912,10,uM,LJP5,72,hr,658,572,3933,0.1455,-0.0531
50238-3,Hs 578T,10056-101-1,Selumetinib,0.04,uM,LJP6,72,hr,658,2611,3761,0.6942,0.7297
50238-3,Hs 578T,10056-101-1,Selumetinib,0.12,uM,LJP6,72,hr,658,2301,3761,0.6117,0.6442
50238-3,Hs 578T,10056-101-1,Selumetinib,0.37,uM,LJP6,72,hr,658,1976,3761,0.5255,0.5485
50238-3,Hs 578T,10056-101-1,Selumetinib,1.11,uM,LJP6,72,hr,658,1794,3761,0.4773,0.4902
50238-3,Hs 578T,10056-101-1,Selumetinib,3.33,uM,LJP6,72,hr,658,1534,3761,0.4080,0.3998
50238-3,Hs 578T,10056-101-1,Selumetinib,10,uM,LJP6,72,hr,658,1216,3761,0.3234,0.2766
50238-3,Hs 578T,10057-102-1,MK2206,0.04,uM,LJP6,72,hr,658,3276,3761,0.8710,0.8928
50238-3,Hs 578T,10057-102-1,MK2206,0.12,uM,LJP6,72,hr,658,3057,3761,0.8128,0.8416
50238-3,Hs 578T,10057-102-1,MK2206,0.37,uM,LJP6,72,hr,658,2930,3761,0.7790,0.8107
50238-3,Hs 578T,10057-102-1,MK2206,1.11,uM,LJP6,72,hr,658,2627,3761,0.6983,0.7333
50238-3,Hs 578T,10057-102-1,MK2206,3.33,uM,LJP6,72,hr,658,2496,3761,0.6637,0.6987
50238-3,Hs 578T,10057-102-1,MK2206,10,uM,LJP6,72,hr,658,965,3761,0.2564,0.1609
50238-3,Hs 578T,10059-101-1,AZD-6482,0.04,uM,LJP5,72,hr,658,3702,3933,0.9412,0.9532
50238-3,Hs 578T,10059-101-1,AZD-6482,0.12,uM,LJP5,72,hr,658,3513,3933,0.8933,0.9143
50238-3,Hs 578T,10059-101-1,AZD-6482,0.37,uM,LJP5,72,hr,658,3419,3933,0.8692,0.8941
50238-3,Hs 578T,10059-101-1,AZD-6482,1.11,uM,LJP5,72,hr,658,3043,3933,0.7737,0.8106
50238-3,Hs 578T,10059-101-1,AZD-6482,3.33,uM,LJP5,72,hr,658,2928,3933,0.7444,0.7831
50238-3,Hs 578T,10059-101-1,AZD-6482,10,uM,LJP5,72,hr,658,1861,3933,0.4732,0.4960
50238-3,Hs 578T,10061-101-1,NU7441,0.04,uM,LJP5,72,hr,658,3759,3933,0.9557,0.9651
50238-3,Hs 578T,10061-101-1,NU7441,0.12,uM,LJP5,72,hr,658,3583,3933,0.9109,0.9289
50238-3,Hs 578T,10061-101-1,NU7441,0.37,uM,LJP5,72,hr,658,3618,3933,0.9200,0.9363
50238-3,Hs 578T,10061-101-1,NU7441,1.11,uM,LJP5,72,hr,658,3136,3933,0.7973,0.8315
50238-3,Hs 578T,10061-101-1,NU7441,3.33,uM,LJP5,72,hr,658,2328,3933,0.5920,0.6321
50238-3,Hs 578T,10061-101-1,NU7441,10,uM,LJP5,72,hr,658,747,3933,0.1900,0.0497
50238-3,Hs 578T,10063-102-1,OSI-027,0.04,uM,LJP6,72,hr,658,3699,3761,0.9838,0.9869
50238-3,Hs 578T,10063-102-1,OSI-027,0.12,uM,LJP6,72,hr,658,3218,3761,0.8555,0.8795
50238-3,Hs 578T,10063-102-1,OSI-027,0.37,uM,LJP6,72,hr,658,2734,3761,0.7273,0.7620
50238-3,Hs 578T,10063-102-1,OSI-027,1.11,uM,LJP6,72,hr,658,1932,3761,0.5138,0.5343
50238-3,Hs 578T,10063-102-1,OSI-027,3.33,uM,LJP6,72,hr,658,1638,3761,0.4353,0.4362
50238-3,Hs 578T,10063-102-1,OSI-027,10,uM,LJP6,72,hr,658,1177,3761,0.3130,0.2600
50238-3,Hs 578T,10064-101-1,WYE-125132,0.04,uM,LJP6,72,hr,658,1394,3761,0.3707,0.3475
50238-3,Hs 578T,10064-101-1,WYE-125132,0.12,uM,LJP6,72,hr,658,1198,3761,0.3185,0.2689
50238-3,Hs 578T,10064-101-1,WYE-125132,0.37,uM,LJP6,72,hr,658,1208,3761,0.3212,0.2728
50238-3,Hs 578T,10064-101-1,WYE-125132,1.11,uM,LJP6,72,hr,658,1163,3761,0.3092,0.2538
50238-3,Hs 578T,10064-101-1,WYE-125132,3.33,uM,LJP6,72,hr,658,1129,3761,0.3002,0.2390
50238-3,Hs 578T,10064-101-1,WYE-125132,10,uM,LJP6,72,hr,658,1014,3761,0.2698,0.1877
50238-3,Hs 578T,10067-101-1,Barasertib,0.04,uM,LJP5,72,hr,658,1259,3933,0.3203,0.2862
50238-3,Hs 578T,10067-101-1,Barasertib,0.12,uM,LJP5,72,hr,658,1213,3933,0.3086,0.2676
50238-3,Hs 578T,10067-101-1,Barasertib,0.37,uM,LJP5,72,hr,658,1162,3933,0.2953,0.2460
50238-3,Hs 578T,10067-101-1,Barasertib,1.11,uM,LJP5,72,hr,658,1217,3933,0.3095,0.2691
50238-3,Hs 578T,10067-101-1,Barasertib,3.33,uM,LJP5,72,hr,658,1155,3933,0.2936,0.2436
50238-3,Hs 578T,10067-101-1,Barasertib,10,uM,LJP5,72,hr,658,938,3933,0.2386,0.1474
50238-3,Hs 578T,10068-101-1,Vemurafenib,0.04,uM,LJP5,72,hr,658,4080,3933,1.0374,1.0286
50238-3,Hs 578T,10068-101-1,Vemurafenib,0.12,uM,LJP5,72,hr,658,4031,3933,1.0248,1.0190
50238-3,Hs 578T,10068-101-1,Vemurafenib,0.37,uM,LJP5,72,hr,658,3892,3933,0.9895,0.9917
50238-3,Hs 578T,10068-101-1,Vemurafenib,1.11,uM,LJP5,72,hr,658,3708,3933,0.9429,0.9549
50238-3,Hs 578T,10068-101-1,Vemurafenib,3.33,uM,LJP5,72,hr,658,3040,3933,0.7729,0.8097
50238-3,Hs 578T,10068-101-1,Vemurafenib,10,uM,LJP5,72,hr,658,1915,3933,0.4870,0.5130
50238-3,Hs 578T,10069-101-1,Enzastaurin,0.04,uM,LJP5,72,hr,658,4173,3933,1.0610,1.0463
50238-3,Hs 578T,10069-101-1,Enzastaurin,0.12,uM,LJP5,72,hr,658,3975,3933,1.0107,1.0082
50238-3,Hs 578T,10069-101-1,Enzastaurin,0.37,uM,LJP5,72,hr,658,4046,3933,1.0285,1.0218
50238-3,Hs 578T,10069-101-1,Enzastaurin,1.11,uM,LJP5,72,hr,658,4153,3933,1.0560,1.0426
50238-3,Hs 578T,10069-101-1,Enzastaurin,3.33,uM,LJP5,72,hr,658,4086,3933,1.0389,1.0297
50238-3,Hs 578T,10069-101-1,Enzastaurin,10,uM,LJP5,72,hr,658,3433,3933,0.8728,0.8971
50238-3,Hs 578T,10071-101-1,Palbociclib,0.04,uM,LJP6,72,hr,658,2361,3761,0.6280,0.6621
50238-3,Hs 578T,10071-101-1,Palbociclib,0.12,uM,LJP6,72,hr,658,2070,3761,0.5502,0.5768
50238-3,Hs 578T,10071-101-1,Palbociclib,0.37,uM,LJP6,72,hr,658,1769,3761,0.4703,0.4816
50238-3,Hs 578T,10071-101-1,Palbociclib,1.11,uM,LJP6,72,hr,658,1643,3761,0.4370,0.4388
50238-3,Hs 578T,10071-101-1,Palbociclib,3.33,uM,LJP6,72,hr,658,1572,3761,0.4179,0.4135
50238-3,Hs 578T,10071-101-1,Palbociclib,10,uM,LJP6,72,hr,658,1295,3761,0.3439,0.3065
50238-3,Hs 578T,10072-101-1,PF562271,0.04,uM,LJP6,72,hr,658,3389,3761,0.9015,0.9192
50238-3,Hs 578T,10072-101-1,PF562271,0.12,uM,LJP6,72,hr,658,3098,3761,0.8239,0.8517
50238-3,Hs 578T,10072-101-1,PF562271,0.37,uM,LJP6,72,hr,658,2778,3761,0.7388,0.7731
50238-3,Hs 578T,10072-101-1,PF562271,1.11,uM,LJP6,72,hr,658,2385,3761,0.6343,0.6687
50238-3,Hs 578T,10072-101-1,PF562271,3.33,uM,LJP6,72,hr,658,1573,3761,0.4184,0.4142
50238-3,Hs 578T,10072-101-1,PF562271,10,uM,LJP6,72,hr,658,568,3761,0.1511,-0.0577
50238-3,Hs 578T,10073-101-1,PHA-793887,0.04,uM,LJP6,72,hr,658,1834,3761,0.4874,0.5025
50238-3,Hs 578T,10073-101-1,PHA-793887,0.12,uM,LJP6,72,hr,658,1492,3761,0.3966,0.3838
50238-3,Hs 578T,10073-101-1,PHA-793887,0.37,uM,LJP6,72,hr,658,891,3761,0.2368,0.1268
50238-3,Hs 578T,10073-101-1,PHA-793887,1.11,uM,LJP6,72,hr,658,576,3761,0.1535,-0.0520
50238-3,Hs 578T,10073-101-1,PHA-793887,3.33,uM,LJP6,72,hr,658,534,3761,0.1420,-0.0800
50238-3,Hs 578T,10073-101-1,PHA-793887,10,uM,LJP6,72,hr,658,457,3761,0.1217,-0.1347
50238-3,Hs 578T,10075-101-1,QL-X-138,0.04,uM,LJP6,72,hr,658,3216,3761,0.8549,0.8790
50238-3,Hs 578T,10075-101-1,QL-X-138,0.12,uM,LJP6,72,hr,658,3031,3761,0.8060,0.8356
50238-3,Hs 578T,10075-101-1,QL-X-138,0.37,uM,LJP6,72,hr,658,2378,3761,0.6322,0.6665
50238-3,Hs 578T,10075-101-1,QL-X-138,1.11,uM,LJP6,72,hr,658,1799,3761,0.4784,0.4917
50238-3,Hs 578T,10075-101-1,QL-X-138,3.33,uM,LJP6,72,hr,658,1318,3761,0.3504,0.3177
50238-3,Hs 578T,10075-101-1,QL-X-138,10,uM,LJP6,72,hr,658,573,3761,0.1524,-0.0538
50238-3,Hs 578T,10077-101-1,QL-XII-47,0.04,uM,LJP6,72,hr,658,2847,3761,0.7568,0.7900
50238-3,Hs 578T,10077-101-1,QL-XII-47,0.12,uM,LJP6,72,hr,658,2595,3761,0.6901,0.7256
50238-3,Hs 578T,10077-101-1,QL-XII-47,0.37,uM,LJP6,72,hr,658,1963,3761,0.5223,0.5437
50238-3,Hs 578T,10077-101-1,QL-XII-47,1.11,uM,LJP6,72,hr,658,976,3761,0.2596,0.1694
50238-3,Hs 578T,10077-101-1,QL-XII-47,3.33,uM,LJP6,72,hr,658,640,3761,0.1702,-0.0114
50238-3,Hs 578T,10077-101-1,QL-XII-47,10,uM,LJP6,72,hr,658,578,3761,0.1537,-0.0504
50238-3,Hs 578T,10079-101-1,Torin1,0.04,uM,LJP6,72,hr,658,1356,3761,0.3609,0.3333
50238-3,Hs 578T,10079-101-1,Torin1,0.12,uM,LJP6,72,hr,658,1178,3761,0.3133,0.2605
50238-3,Hs 578T,10079-101-1,Torin1,0.37,uM,LJP6,72,hr,658,1069,3761,0.2843,0.2127
50238-3,Hs 578T,10079-101-1,Torin1,1.11,uM,LJP6,72,hr,658,866,3761,0.2305,0.1154
50238-3,Hs 578T,10079-101-1,Torin1,3.33,uM,LJP6,72,hr,658,748,3761,0.1990,0.0520
50238-3,Hs 578T,10079-101-1,Torin1,10,uM,LJP6,72,hr,658,459,3761,0.1222,-0.1334
50238-3,Hs 578T,10080-101-1,Torin2,0.04,uM,LJP5,72,hr,658,990,3933,0.2517,0.1712
50238-3,Hs 578T,10080-101-1,Torin2,0.12,uM,LJP5,72,hr,658,779,3933,0.1980,0.0674
50238-3,Hs 578T,10080-101-1,Torin2,0.37,uM,LJP5,72,hr,658,522,3933,0.1328,-0.0879
50238-3,Hs 578T,10080-101-1,Torin2,1.11,uM,LJP5,72,hr,658,554,3933,0.1408,-0.0671
50238-3,Hs 578T,10080-101-1,Torin2,3.33,uM,LJP5,72,hr,658,533,3933,0.1355,-0.0788
50238-3,Hs 578T,10080-101-1,Torin2,10,uM,LJP5,72,hr,658,447,3933,0.1139,-0.1402
50238-3,Hs 578T,10082-101-1,WZ-4-145,0.04,uM,LJP6,72,hr,658,2421,3761,0.6438,0.6786
50238-3,Hs 578T,10082-101-1,WZ-4-145,0.12,uM,LJP6,72,hr,658,2457,3761,0.6537,0.6879
50238-3,Hs 578T,10082-101-1,WZ-4-145,0.37,uM,LJP6,72,hr,658,2117,3761,0.5631,0.5913
50238-3,Hs 578T,10082-101-1,WZ-4-145,1.11,uM,LJP6,72,hr,658,1919,3761,0.5103,0.5303
50238-3,Hs 578T,10082-101-1,WZ-4-145,3.33,uM,LJP6,72,hr,658,1626,3761,0.4324,0.4328
50238-3,Hs 578T,10082-101-1,WZ-4-145,10,uM,LJP6,72,hr,658,513,3761,0.1367,-0.0954
50238-3,Hs 578T,10084-101-1,WZ3105,0.04,uM,LJP5,72,hr,658,454,3933,0.1154,-0.1352
50238-3,Hs 578T,10084-101-1,WZ3105,0.12,uM,LJP5,72,hr,658,431,3933,0.1098,-0.1515
50238-3,Hs 578T,10084-101-1,WZ3105,0.37,uM,LJP5,72,hr,658,485,3933,0.1233,-0.1121
50238-3,Hs 578T,10084-101-1,WZ3105,1.11,uM,LJP5,72,hr,658,506,3933,0.1287,-0.0977
50238-3,Hs 578T,10084-101-1,WZ3105,3.33,uM,LJP5,72,hr,658,469,3933,0.1194,-0.1232
50238-3,Hs 578T,10084-101-1,WZ3105,10,uM,LJP5,72,hr,658,454,3933,0.1154,-0.1342
50238-3,Hs 578T,10086-101-1,XMD11-50,0.04,uM,LJP6,72,hr,658,3410,3761,0.9068,0.9237
50238-3,Hs 578T,10086-101-1,XMD11-50,0.12,uM,LJP6,72,hr,658,3109,3761,0.8267,0.8543
50238-3,Hs 578T,10086-101-1,XMD11-50,0.37,uM,LJP6,72,hr,658,2800,3761,0.7447,0.7787
50238-3,Hs 578T,10086-101-1,XMD11-50,1.11,uM,LJP6,72,hr,658,2353,3761,0.6257,0.6595
50238-3,Hs 578T,10086-101-1,XMD11-50,3.33,uM,LJP6,72,hr,658,1683,3761,0.4476,0.4522
50238-3,Hs 578T,10086-101-1,XMD11-50,10,uM,LJP6,72,hr,658,616,3761,0.1639,-0.0259
50238-3,Hs 578T,10087-101-1,XMD11-85h,0.04,uM,LJP6,72,hr,658,3506,3761,0.9321,0.9448
50238-3,Hs 578T,10087-101-1,XMD11-85h,0.12,uM,LJP6,72,hr,658,3392,3761,0.9020,0.9196
50238-3,Hs 578T,10087-101-1,XMD11-85h,0.37,uM,LJP6,72,hr,658,3316,3761,0.8819,0.9024
50238-3,Hs 578T,10087-101-1,XMD11-85h,1.11,uM,LJP6,72,hr,658,3405,3761,0.9053,0.9224
50238-3,Hs 578T,10087-101-1,XMD11-85h,3.33,uM,LJP6,72,hr,658,3049,3761,0.8107,0.8399
50238-3,Hs 578T,10087-101-1,XMD11-85h,10,uM,LJP6,72,hr,658,1044,3761,0.2775,0.2005
50238-3,Hs 578T,10091-101-1,XMD16-144,0.04,uM,LJP5,72,hr,658,797,3933,0.2028,0.0772
50238-3,Hs 578T,10091-101-1,XMD16-144,0.12,uM,LJP5,72,hr,658,770,3933,0.1959,0.0627
50238-3,Hs 578T,10091-101-1,XMD16-144,0.37,uM,LJP5,72,hr,658,778,3933,0.1978,0.0670
50238-3,Hs 578T,10091-101-1,XMD16-144,1.11,uM,LJP5,72,hr,658,705,3933,0.1793,0.0271
50238-3,Hs 578T,10091-101-1,XMD16-144,3.33,uM,LJP5,72,hr,658,605,3933,0.1539,-0.0323
50238-3,Hs 578T,10091-101-1,XMD16-144,10,uM,LJP5,72,hr,658,484,3933,0.1231,-0.1125
50238-3,Hs 578T,10097-101-1,Erlotinib,0.04,uM,LJP5,72,hr,658,3741,3933,0.9511,0.9613
50238-3,Hs 578T,10097-101-1,Erlotinib,0.12,uM,LJP5,72,hr,658,3750,3933,0.9536,0.9634
50238-3,Hs 578T,10097-101-1,Erlotinib,0.37,uM,LJP5,72,hr,658,3756,3933,0.9548,0.9643
50238-3,Hs 578T,10097-101-1,Erlotinib,1.11,uM,LJP5,72,hr,658,3767,3933,0.9577,0.9668
50238-3,Hs 578T,10097-101-1,Erlotinib,3.33,uM,LJP5,72,hr,658,3616,3933,0.9192,0.9357
50238-3,Hs 578T,10097-101-1,Erlotinib,10,uM,LJP5,72,hr,658,2420,3933,0.6154,0.6567
50238-3,Hs 578T,10098-101-1,Gefitinib,0.04,uM,LJP6,72,hr,658,3776,3761,1.0039,1.0028
50238-3,Hs 578T,10098-101-1,Gefitinib,0.12,uM,LJP6,72,hr,658,3688,3761,0.9809,0.9847
50238-3,Hs 578T,10098-101-1,Gefitinib,0.37,uM,LJP6,72,hr,658,3769,3761,1.0024,1.0019
50238-3,Hs 578T,10098-101-1,Gefitinib,1.11,uM,LJP6,72,hr,658,3741,3761,0.9948,0.9959
50238-3,Hs 578T,10098-101-1,Gefitinib,3.33,uM,LJP6,72,hr,658,3709,3761,0.9864,0.9891
50238-3,Hs 578T,10098-101-1,Gefitinib,10,uM,LJP6,72,hr,658,3123,3761,0.8305,0.8575
50238-3,Hs 578T,10099-101-1,Nilotinib,0.04,uM,LJP5,72,hr,658,4075,3933,1.0362,1.0277
50238-3,Hs 578T,10099-101-1,Nilotinib,0.12,uM,LJP5,72,hr,658,4002,3933,1.0174,1.0133
50238-3,Hs 578T,10099-101-1,Nilotinib,0.37,uM,LJP5,72,hr,658,3952,3933,1.0048,1.0036
50238-3,Hs 578T,10099-101-1,Nilotinib,1.11,uM,LJP5,72,hr,658,3961,3933,1.0071,1.0055
50238-3,Hs 578T,10099-101-1,Nilotinib,3.33,uM,LJP5,72,hr,658,3771,3933,0.9587,0.9674
50238-3,Hs 578T,10099-101-1,Nilotinib,10,uM,LJP5,72,hr,658,708,3933,0.1800,0.0279
50238-3,Hs 578T,10100-101-1,JNK-9L,0.04,uM,LJP6,72,hr,658,3589,3761,0.9545,0.9632
50238-3,Hs 578T,10100-101-1,JNK-9L,0.12,uM,LJP6,72,hr,658,3641,3761,0.9678,0.9738
50238-3,Hs 578T,10100-101-1,JNK-9L,0.37,uM,LJP6,72,hr,658,2984,3761,0.7937,0.8243
50238-3,Hs 578T,10100-101-1,JNK-9L,1.11,uM,LJP6,72,hr,658,1316,3761,0.3501,0.3160
50238-3,Hs 578T,10100-101-1,JNK-9L,3.33,uM,LJP6,72,hr,658,494,3761,0.1313,-0.1082
50238-3,Hs 578T,10100-101-1,JNK-9L,10,uM,LJP6,72,hr,658,506,3761,0.1346,-0.0995
50238-3,Hs 578T,10101-101-1,PD0325901,0.04,uM,LJP5,72,hr,658,2312,3933,0.5879,0.6276
50238-3,Hs 578T,10101-101-1,PD0325901,0.04,uM,LJP6,72,hr,658,2223,3761,0.5912,0.6226
50238-3,Hs 578T,10101-101-1,PD0325901,0.12,uM,LJP5,72,hr,658,1727,3933,0.4391,0.4535
50238-3,Hs 578T,10101-101-1,PD0325901,0.12,uM,LJP6,72,hr,658,1775,3761,0.4720,0.4837
50238-3,Hs 578T,10101-101-1,PD0325901,0.37,uM,LJP5,72,hr,658,1357,3933,0.3451,0.3239
50238-3,Hs 578T,10101-101-1,PD0325901,0.37,uM,LJP6,72,hr,658,1311,3761,0.3486,0.3151
50238-3,Hs 578T,10101-101-1,PD0325901,1.11,uM,LJP5,72,hr,658,1092,3933,0.2776,0.2166
50238-3,Hs 578T,10101-101-1,PD0325901,1.11,uM,LJP6,72,hr,658,1054,3761,0.2804,0.2058
50238-3,Hs 578T,10101-101-1,PD0325901,3.33,uM,LJP5,72,hr,658,865,3933,0.2199,0.1112
50238-3,Hs 578T,10101-101-1,PD0325901,3.33,uM,LJP6,72,hr,658,781,3761,0.2077,0.0693
50238-3,Hs 578T,10101-101-1,PD0325901,10,uM,LJP5,72,hr,658,787,3933,0.2001,0.0705
50238-3,Hs 578T,10101-101-1,PD0325901,10,uM,LJP6,72,hr,658,715,3761,0.1902,0.0335
50238-3,Hs 578T,10108-101-1,Geldanamycin,0.04,uM,LJP5,72,hr,658,2744,3933,0.6974,0.7363
50238-3,Hs 578T,10108-101-1,Geldanamycin,0.04,uM,LJP6,72,hr,658,2259,3761,0.6006,0.6329
50238-3,Hs 578T,10108-101-1,Geldanamycin,0.12,uM,LJP5,72,hr,658,1510,3933,0.3839,0.3793
50238-3,Hs 578T,10108-101-1,Geldanamycin,0.12,uM,LJP6,72,hr,658,1114,3761,0.2964,0.2328
50238-3,Hs 578T,10108-101-1,Geldanamycin,0.37,uM,LJP5,72,hr,658,925,3933,0.2351,0.1398
50238-3,Hs 578T,10108-101-1,Geldanamycin,0.37,uM,LJP6,72,hr,658,805,3761,0.2142,0.0834
50238-3,Hs 578T,10108-101-1,Geldanamycin,1.11,uM,LJP5,72,hr,658,798,3933,0.2028,0.0766
50238-3,Hs 578T,10108-101-1,Geldanamycin,1.11,uM,LJP6,72,hr,658,726,3761,0.1930,0.0396
50238-3,Hs 578T,10108-101-1,Geldanamycin,3.33,uM,LJP5,72,hr,658,737,3933,0.1874,0.0440
50238-3,Hs 578T,10108-101-1,Geldanamycin,3.33,uM,LJP6,72,hr,658,628,3761,0.1672,-0.0185
50238-3,Hs 578T,10108-101-1,Geldanamycin,10,uM,LJP5,72,hr,658,588,3933,0.1495,-0.0439
50238-3,Hs 578T,10108-101-1,Geldanamycin,10,uM,LJP6,72,hr,658,425,3761,0.1130,-0.1648
50238-3,Hs 578T,10109-101-1,YM 201636,0.04,uM,LJP5,72,hr,658,3968,3933,1.0089,1.0069
50238-3,Hs 578T,10109-101-1,YM 201636,0.12,uM,LJP5,72,hr,658,3853,3933,0.9796,0.9841
50238-3,Hs 578T,10109-101-1,YM 201636,0.37,uM,LJP5,72,hr,658,3791,3933,0.9638,0.9716
50238-3,Hs 578T,10109-101-1,YM 201636,1.11,uM,LJP5,72,hr,658,3211,3933,0.8164,0.8486
50238-3,Hs 578T,10109-101-1,YM 201636,3.33,uM,LJP5,72,hr,658,2502,3933,0.6360,0.6781
50238-3,Hs 578T,10109-101-1,YM 201636,10,uM,LJP5,72,hr,658,821,3933,0.2086,0.0878
50238-3,Hs 578T,10111-101-1,TWS119,0.04,uM,LJP5,72,hr,658,4069,3933,1.0345,1.0264
50238-3,Hs 578T,10111-101-1,TWS119,0.12,uM,LJP5,72,hr,658,3837,3933,0.9755,0.9808
50238-3,Hs 578T,10111-101-1,TWS119,0.37,uM,LJP5,72,hr,658,3875,3933,0.9853,0.9884
50238-3,Hs 578T,10111-101-1,TWS119,1.11,uM,LJP5,72,hr,658,3374,3933,0.8578,0.8844
50238-3,Hs 578T,10111-101-1,TWS119,3.33,uM,LJP5,72,hr,658,2381,3933,0.6054,0.6464
50238-3,Hs 578T,10111-101-1,TWS119,10,uM,LJP5,72,hr,658,606,3933,0.1540,-0.0320
50238-3,Hs 578T,10112-101-1,PF477736,0.04,uM,LJP5,72,hr,658,3621,3933,0.9206,0.9369
50238-3,Hs 578T,10112-101-1,PF477736,0.12,uM,LJP5,72,hr,658,2350,3933,0.5973,0.6367
50238-3,Hs 578T,10112-101-1,PF477736,0.37,uM,LJP5,72,hr,658,759,3933,0.1931,0.0561
50238-3,Hs 578T,10112-101-1,PF477736,1.11,uM,LJP5,72,hr,658,574,3933,0.1459,-0.0525
50238-3,Hs 578T,10112-101-1,PF477736,3.33,uM,LJP5,72,hr,658,566,3933,0.1440,-0.0571
50238-3,Hs 578T,10112-101-1,PF477736,10,uM,LJP5,72,hr,658,449,3933,0.1143,-0.1376
50238-3,Hs 578T,10115-102-1,LDN-193189,0.04,uM,LJP5,72,hr,658,3797,3933,0.9654,0.9728
50238-3,Hs 578T,10115-102-1,LDN-193189,0.12,uM,LJP5,72,hr,658,3456,3933,0.8788,0.9022
50238-3,Hs 578T,10115-102-1,LDN-193189,0.37,uM,LJP5,72,hr,658,3304,3933,0.8400,0.8692
50238-3,Hs 578T,10115-102-1,LDN-193189,1.11,uM,LJP5,72,hr,658,2927,3933,0.7440,0.7819
50238-3,Hs 578T,10115-102-1,LDN-193189,3.33,uM,LJP5,72,hr,658,183,3933,0.0465,-0.3919
50238-3,Hs 578T,10115-102-1,LDN-193189,10,uM,LJP5,72,hr,658,212,3933,0.0539,-0.3573
50238-3,Hs 578T,10116-101-1,PF431396,0.04,uM,LJP5,72,hr,658,2917,3933,0.7415,0.7810
50238-3,Hs 578T,10116-101-1,PF431396,0.12,uM,LJP5,72,hr,658,2663,3933,0.6771,0.7191
50238-3,Hs 578T,10116-101-1,PF431396,0.37,uM,LJP5,72,hr,658,1815,3933,0.4614,0.4817
50238-3,Hs 578T,10116-101-1,PF431396,1.11,uM,LJP5,72,hr,658,1163,3933,0.2958,0.2469
50238-3,Hs 578T,10116-101-1,PF431396,3.33,uM,LJP5,72,hr,658,1070,3933,0.2721,0.2070
50238-3,Hs 578T,10116-101-1,PF431396,10,uM,LJP5,72,hr,658,570,3933,0.1448,-0.0557
50238-3,Hs 578T,10117-101-1,Celastrol,0.04,uM,LJP6,72,hr,658,3892,3761,1.0349,1.0274
50238-3,Hs 578T,10117-101-1,Celastrol,0.12,uM,LJP6,72,hr,658,4026,3761,1.0707,1.0551
50238-3,Hs 578T,10117-101-1,Celastrol,0.37,uM,LJP6,72,hr,658,3127,3761,0.8315,0.8585
50238-3,Hs 578T,10117-101-1,Celastrol,1.11,uM,LJP6,72,hr,658,520,3761,0.1384,-0.0890
50238-3,Hs 578T,10117-101-1,Celastrol,3.33,uM,LJP6,72,hr,658,627,3761,0.1668,-0.0201
50238-3,Hs 578T,10117-101-1,Celastrol,10,uM,LJP6,72,hr,658,235,3761,0.0625,-0.3377
50238-3,Hs 578T,10119-101-1,SU11274,0.04,uM,LJP5,72,hr,658,3965,3933,1.0080,1.0059
50238-3,Hs 578T,10119-101-1,SU11274,0.12,uM,LJP5,72,hr,658,3851,3933,0.9791,0.9837
50238-3,Hs 578T,10119-101-1,SU11274,0.37,uM,LJP5,72,hr,658,3698,3933,0.9401,0.9525
50238-3,Hs 578T,10119-101-1,SU11274,1.11,uM,LJP5,72,hr,658,3493,3933,0.8880,0.9098
50238-3,Hs 578T,10119-101-1,SU11274,3.33,uM,LJP5,72,hr,658,3226,3933,0.8202,0.8519
50238-3,Hs 578T,10119-101-1,SU11274,10,uM,LJP5,72,hr,658,966,3933,0.2458,0.1607
50238-3,Hs 578T,10120-102-1,Canertinib,0.04,uM,LJP6,72,hr,658,3904,3761,1.0383,1.0302
50238-3,Hs 578T,10120-102-1,Canertinib,0.12,uM,LJP6,72,hr,658,3894,3761,1.0355,1.0279
50238-3,Hs 578T,10120-102-1,Canertinib,0.37,uM,LJP6,72,hr,658,3709,3761,0.9865,0.9891
50238-3,Hs 578T,10120-102-1,Canertinib,1.11,uM,LJP6,72,hr,658,3549,3761,0.9438,0.9545
50238-3,Hs 578T,10120-102-1,Canertinib,3.33,uM,LJP6,72,hr,658,3099,3761,0.8238,0.8514
50238-3,Hs 578T,10120-102-1,Canertinib,10,uM,LJP6,72,hr,658,351,3761,0.0934,-0.2217
50238-3,Hs 578T,10122-101-1,NVP-AEW541,0.04,uM,LJP5,72,hr,658,3972,3933,1.0100,1.0076
50238-3,Hs 578T,10122-101-1,NVP-AEW541,0.12,uM,LJP5,72,hr,658,3994,3933,1.0155,1.0119
50238-3,Hs 578T,10122-101-1,NVP-AEW541,0.37,uM,LJP5,72,hr,658,4004,3933,1.0180,1.0134
50238-3,Hs 578T,10122-101-1,NVP-AEW541,1.11,uM,LJP5,72,hr,658,3748,3933,0.9530,0.9630
50238-3,Hs 578T,10122-101-1,NVP-AEW541,3.33,uM,LJP5,72,hr,658,3948,3933,1.0036,1.0027
50238-3,Hs 578T,10122-101-1,NVP-AEW541,10,uM,LJP5,72,hr,658,945,3933,0.2402,0.1493
50238-3,Hs 578T,10125-101-1,PHA-665752,0.04,uM,LJP5,72,hr,658,4007,3933,1.0187,1.0144
50238-3,Hs 578T,10125-101-1,PHA-665752,0.12,uM,LJP5,72,hr,658,3930,3933,0.9993,0.9995
50238-3,Hs 578T,10125-101-1,PHA-665752,0.37,uM,LJP5,72,hr,658,3966,3933,1.0084,1.0064
50238-3,Hs 578T,10125-101-1,PHA-665752,1.11,uM,LJP5,72,hr,658,3570,3933,0.9072,0.9232
50238-3,Hs 578T,10125-101-1,PHA-665752,3.33,uM,LJP5,72,hr,658,3707,3933,0.9424,0.9545
50238-3,Hs 578T,10125-101-1,PHA-665752,10,uM,LJP5,72,hr,658,53,3933,0.0136,-0.6240
50238-3,Hs 578T,10126-101-1,PI103,0.04,uM,LJP6,72,hr,658,2365,3761,0.6291,0.6633
50238-3,Hs 578T,10126-101-1,PI103,0.12,uM,LJP6,72,hr,658,1774,3761,0.4718,0.4834
50238-3,Hs 578T,10126-101-1,PI103,0.37,uM,LJP6,72,hr,658,1504,3761,0.3998,0.3883
50238-3,Hs 578T,10126-101-1,PI103,1.11,uM,LJP6,72,hr,658,1309,3761,0.3482,0.3146
50238-3,Hs 578T,10126-101-1,PI103,3.33,uM,LJP6,72,hr,658,1230,3761,0.3271,0.2823
50238-3,Hs 578T,10126-101-1,PI103,10,uM,LJP6,72,hr,658,909,3761,0.2419,0.1370
50238-3,Hs 578T,10127-101-1,Dovitinib,0.04,uM,LJP5,72,hr,658,3188,3933,0.8105,0.8433
50238-3,Hs 578T,10127-101-1,Dovitinib,0.12,uM,LJP5,72,hr,658,2222,3933,0.5649,0.6022
50238-3,Hs 578T,10127-101-1,Dovitinib,0.37,uM,LJP5,72,hr,658,1103,3933,0.2805,0.2217
50238-3,Hs 578T,10127-101-1,Dovitinib,1.11,uM,LJP5,72,hr,658,1029,3933,0.2616,0.1890
50238-3,Hs 578T,10127-101-1,Dovitinib,3.33,uM,LJP5,72,hr,658,1204,3933,0.3061,0.2637
50238-3,Hs 578T,10127-101-1,Dovitinib,10,uM,LJP5,72,hr,658,868,3933,0.2208,0.1133
50238-3,Hs 578T,10128-101-1,GSK 690693,0.04,uM,LJP5,72,hr,658,3424,3933,0.8704,0.8950
50238-3,Hs 578T,10128-101-1,GSK 690693,0.12,uM,LJP5,72,hr,658,3357,3933,0.8534,0.8808
50238-3,Hs 578T,10128-101-1,GSK 690693,0.37,uM,LJP5,72,hr,658,3094,3933,0.7867,0.8223
50238-3,Hs 578T,10128-101-1,GSK 690693,1.11,uM,LJP5,72,hr,658,3159,3933,0.8032,0.8369
50238-3,Hs 578T,10128-101-1,GSK 690693,3.33,uM,LJP5,72,hr,658,3296,3933,0.8381,0.8673
50238-3,Hs 578T,10128-101-1,GSK 690693,10,uM,LJP5,72,hr,658,3279,3933,0.8337,0.8637
50238-3,Hs 578T,10132-101-1,SNS-032,0.04,uM,LJP6,72,hr,658,2942,3761,0.7826,0.8142
50238-3,Hs 578T,10132-101-1,SNS-032,0.12,uM,LJP6,72,hr,658,542,3761,0.1444,-0.0741
50238-3,Hs 578T,10132-101-1,SNS-032,0.37,uM,LJP6,72,hr,658,518,3761,0.1377,-0.0917
50238-3,Hs 578T,10132-101-1,SNS-032,1.11,uM,LJP6,72,hr,658,548,3761,0.1457,-0.0704
50238-3,Hs 578T,10132-101-1,SNS-032,3.33,uM,LJP6,72,hr,658,532,3761,0.1417,-0.0809
50238-3,Hs 578T,10132-101-1,SNS-032,10,uM,LJP6,72,hr,658,519,3761,0.1381,-0.0899
50238-3,Hs 578T,10133-101-1,Afatinib,0.04,uM,LJP6,72,hr,658,3556,3761,0.9457,0.9560
50238-3,Hs 578T,10133-101-1,Afatinib,0.12,uM,LJP6,72,hr,658,3670,3761,0.9759,0.9806
50238-3,Hs 578T,10133-101-1,Afatinib,0.37,uM,LJP6,72,hr,658,3611,3761,0.9601,0.9678
50238-3,Hs 578T,10133-101-1,Afatinib,1.11,uM,LJP6,72,hr,658,3341,3761,0.8883,0.9080
50238-3,Hs 578T,10133-101-1,Afatinib,3.33,uM,LJP6,72,hr,658,3389,3761,0.9013,0.9190
50238-3,Hs 578T,10133-101-1,Afatinib,10,uM,LJP6,72,hr,658,457,3761,0.1215,-0.1351
50238-3,Hs 578T,10134-101-1,GSK1904529A,0.04,uM,LJP6,72,hr,658,3453,3761,0.9182,0.9332
50238-3,Hs 578T,10134-101-1,GSK1904529A,0.12,uM,LJP6,72,hr,658,3573,3761,0.9503,0.9597
50238-3,Hs 578T,10134-101-1,GSK1904529A,0.37,uM,LJP6,72,hr,658,3526,3761,0.9373,0.9489
50238-3,Hs 578T,10134-101-1,GSK1904529A,1.11,uM,LJP6,72,hr,658,3566,3761,0.9483,0.9582
50238-3,Hs 578T,10134-101-1,GSK1904529A,3.33,uM,LJP6,72,hr,658,3667,3761,0.9751,0.9800
50238-3,Hs 578T,10134-101-1,GSK1904529A,10,uM,LJP6,72,hr,658,3670,3761,0.9757,0.9804
50238-3,Hs 578T,10135-101-1,Linsitinib,0.04,uM,LJP5,72,hr,658,3634,3933,0.9241,0.9397
50238-3,Hs 578T,10135-101-1,Linsitinib,0.12,uM,LJP5,72,hr,658,3756,3933,0.9550,0.9645
50238-3,Hs 578T,10135-101-1,Linsitinib,0.37,uM,LJP5,72,hr,658,3557,3933,0.9042,0.9234
50238-3,Hs 578T,10135-101-1,Linsitinib,1.11,uM,LJP5,72,hr,658,3586,3933,0.9116,0.9294
50238-3,Hs 578T,10135-101-1,Linsitinib,3.33,uM,LJP5,72,hr,658,3644,3933,0.9264,0.9415
50238-3,Hs 578T,10135-101-1,Linsitinib,10,uM,LJP5,72,hr,658,3511,3933,0.8927,0.9139
50238-3,Hs 578T,10138-105-1,Ruxolitinib,0.04,uM,LJP5,72,hr,658,3861,3933,0.9815,0.9854
50238-3,Hs 578T,10138-105-1,Ruxolitinib,0.12,uM,LJP5,72,hr,658,3642,3933,0.9260,0.9412
50238-3,Hs 578T,10138-105-1,Ruxolitinib,0.37,uM,LJP5,72,hr,658,3683,3933,0.9363,0.9495
50238-3,Hs 578T,10138-105-1,Ruxolitinib,1.11,uM,LJP5,72,hr,658,3717,3933,0.9451,0.9566
50238-3,Hs 578T,10138-105-1,Ruxolitinib,3.33,uM,LJP5,72,hr,658,3559,3933,0.9048,0.9235
50238-3,Hs 578T,10138-105-1,Ruxolitinib,10,uM,LJP5,72,hr,658,2661,3933,0.6766,0.7186
50238-3,Hs 578T,10140-101-1,Momelotinib,0.04,uM,LJP5,72,hr,658,3691,3933,0.9384,0.9512
50238-3,Hs 578T,10140-101-1,Momelotinib,0.12,uM,LJP5,72,hr,658,3227,3933,0.8204,0.8521
50238-3,Hs 578T,10140-101-1,Momelotinib,0.37,uM,LJP5,72,hr,658,2807,3933,0.7136,0.7545
50238-3,Hs 578T,10140-101-1,Momelotinib,1.11,uM,LJP5,72,hr,658,2174,3933,0.5527,0.5892
50238-3,Hs 578T,10140-101-1,Momelotinib,3.33,uM,LJP5,72,hr,658,1310,3933,0.3330,0.3058
50238-3,Hs 578T,10140-101-1,Momelotinib,10,uM,LJP5,72,hr,658,561,3933,0.1426,-0.0610
50238-3,Hs 578T,10141-101-1,Fedratinib,0.04,uM,LJP5,72,hr,658,3887,3933,0.9882,0.9908
50238-3,Hs 578T,10141-101-1,Fedratinib,0.12,uM,LJP5,72,hr,658,3756,3933,0.9548,0.9641
50238-3,Hs 578T,10141-101-1,Fedratinib,0.37,uM,LJP5,72,hr,658,3225,3933,0.8199,0.8518
50238-3,Hs 578T,10141-101-1,Fedratinib,1.11,uM,LJP5,72,hr,658,2164,3933,0.5502,0.5859
50238-3,Hs 578T,10141-101-1,Fedratinib,3.33,uM,LJP5,72,hr,658,1270,3933,0.3229,0.2901
50238-3,Hs 578T,10141-101-1,Fedratinib,10,uM,LJP5,72,hr,658,373,3933,0.0949,-0.1981
50238-3,Hs 578T,10142-101-1,Trametinib,0.04,uM,LJP5,72,hr,658,1105,3933,0.2811,0.2226
50238-3,Hs 578T,10142-101-1,Trametinib,0.12,uM,LJP5,72,hr,658,955,3933,0.2430,0.1549
50238-3,Hs 578T,10142-101-1,Trametinib,0.37,uM,LJP5,72,hr,658,891,3933,0.2266,0.1241
50238-3,Hs 578T,10142-101-1,Trametinib,1.11,uM,LJP5,72,hr,658,932,3933,0.2370,0.1439
50238-3,Hs 578T,10142-101-1,Trametinib,3.33,uM,LJP5,72,hr,658,905,3933,0.2300,0.1312
50238-3,Hs 578T,10142-101-1,Trametinib,10,uM,LJP5,72,hr,658,946,3933,0.2406,0.1510
50238-3,Hs 578T,10146-101-1,Omipalisib,0.04,uM,LJP6,72,hr,658,1169,3761,0.3110,0.2568
50238-3,Hs 578T,10146-101-1,Omipalisib,0.12,uM,LJP6,72,hr,658,913,3761,0.2428,0.1390
50238-3,Hs 578T,10146-101-1,Omipalisib,0.37,uM,LJP6,72,hr,658,653,3761,0.1738,-0.0029
50238-3,Hs 578T,10146-101-1,Omipalisib,1.11,uM,LJP6,72,hr,658,516,3761,0.1374,-0.0920
50238-3,Hs 578T,10146-101-1,Omipalisib,3.33,uM,LJP6,72,hr,658,436,3761,0.1161,-0.1514
50238-3,Hs 578T,10146-101-1,Omipalisib,10,uM,LJP6,72,hr,658,353,3761,0.0939,-0.2194
50238-3,Hs 578T,10147-101-1,Buparlisib,0.04,uM,LJP5,72,hr,658,3642,3933,0.9260,0.9411
50238-3,Hs 578T,10147-101-1,Buparlisib,0.12,uM,LJP5,72,hr,658,3174,3933,0.8068,0.8402
50238-3,Hs 578T,10147-101-1,Buparlisib,0.37,uM,LJP5,72,hr,658,2458,3933,0.6250,0.6667
50238-3,Hs 578T,10147-101-1,Buparlisib,1.11,uM,LJP5,72,hr,658,1105,3933,0.2809,0.2219
50238-3,Hs 578T,10147-101-1,Buparlisib,3.33,uM,LJP5,72,hr,658,477,3933,0.1213,-0.1177
50238-3,Hs 578T,10147-101-1,Buparlisib,10,uM,LJP5,72,hr,658,395,3933,0.1006,-0.1794
50238-3,Hs 578T,10148-101-1,XL147,0.04,uM,LJP5,72,hr,658,3992,3933,1.0150,1.0115
50238-3,Hs 578T,10148-101-1,XL147,0.12,uM,LJP5,72,hr,658,3947,3933,1.0034,1.0026
50238-3,Hs 578T,10148-101-1,XL147,0.37,uM,LJP5,72,hr,658,3928,3933,0.9987,0.9990
50238-3,Hs 578T,10148-101-1,XL147,1.11,uM,LJP5,72,hr,658,3843,3933,0.9771,0.9818
50238-3,Hs 578T,10148-101-1,XL147,3.33,uM,LJP5,72,hr,658,3861,3933,0.9816,0.9856
50238-3,Hs 578T,10148-101-1,XL147,10,uM,LJP5,72,hr,658,3179,3933,0.8082,0.8413
50238-3,Hs 578T,10149-102-1,Y39983,0.04,uM,LJP6,72,hr,658,3164,3761,0.8415,0.8673
50238-3,Hs 578T,10149-102-1,Y39983,0.12,uM,LJP6,72,hr,658,3239,3761,0.8614,0.8846
50238-3,Hs 578T,10149-102-1,Y39983,0.37,uM,LJP6,72,hr,658,3036,3761,0.8071,0.8362
50238-3,Hs 578T,10149-102-1,Y39983,1.11,uM,LJP6,72,hr,658,2905,3761,0.7726,0.8048
50238-3,Hs 578T,10149-102-1,Y39983,3.33,uM,LJP6,72,hr,658,2439,3761,0.6487,0.6838
50238-3,Hs 578T,10149-102-1,Y39983,10,uM,LJP6,72,hr,658,567,3761,0.1510,-0.0578
50238-3,Hs 578T,10151-101-1,Nintedanib,0.04,uM,LJP6,72,hr,658,3556,3761,0.9453,0.9552
50238-3,Hs 578T,10151-101-1,Nintedanib,0.12,uM,LJP6,72,hr,658,3394,3761,0.9024,0.9198
50238-3,Hs 578T,10151-101-1,Nintedanib,0.37,uM,LJP6,72,hr,658,2819,3761,0.7495,0.7830
50238-3,Hs 578T,10151-101-1,Nintedanib,1.11,uM,LJP6,72,hr,658,2320,3761,0.6167,0.6497
50238-3,Hs 578T,10151-101-1,Nintedanib,3.33,uM,LJP6,72,hr,658,1722,3761,0.4580,0.4659
50238-3,Hs 578T,10151-101-1,Nintedanib,10,uM,LJP6,72,hr,658,684,3761,0.1819,0.0154
50238-3,Hs 578T,10157-101-1,Foretinib,0.04,uM,LJP5,72,hr,658,3843,3933,0.9772,0.9821
50238-3,Hs 578T,10157-101-1,Foretinib,0.12,uM,LJP5,72,hr,658,3153,3933,0.8017,0.8356
50238-3,Hs 578T,10157-101-1,Foretinib,0.37,uM,LJP5,72,hr,658,1285,3933,0.3269,0.2963
50238-3,Hs 578T,10157-101-1,Foretinib,1.11,uM,LJP5,72,hr,658,1208,3933,0.3073,0.2656
50238-3,Hs 578T,10157-101-1,Foretinib,3.33,uM,LJP5,72,hr,658,1085,3933,0.2759,0.2137
50238-3,Hs 578T,10157-101-1,Foretinib,10,uM,LJP5,72,hr,658,431,3933,0.1097,-0.1531
50238-3,Hs 578T,10158-101-1,AZD 5438,0.04,uM,LJP6,72,hr,658,3192,3761,0.8483,0.8728
50238-3,Hs 578T,10158-101-1,AZD 5438,0.12,uM,LJP6,72,hr,658,2189,3761,0.5819,0.6120
50238-3,Hs 578T,10158-101-1,AZD 5438,0.37,uM,LJP6,72,hr,658,1037,3761,0.2756,0.1968
50238-3,Hs 578T,10158-101-1,AZD 5438,1.11,uM,LJP6,72,hr,658,562,3761,0.1496,-0.0609
50238-3,Hs 578T,10158-101-1,AZD 5438,3.33,uM,LJP6,72,hr,658,446,3761,0.1188,-0.1431
50238-3,Hs 578T,10158-101-1,AZD 5438,10,uM,LJP6,72,hr,658,383,3761,0.1019,-0.1944
50238-3,Hs 578T,10159-101-1,Pelitinib,0.04,uM,LJP5,72,hr,658,3894,3933,0.9899,0.9921
50238-3,Hs 578T,10159-101-1,Pelitinib,0.12,uM,LJP5,72,hr,658,3425,3933,0.8707,0.8954
50238-3,Hs 578T,10159-101-1,Pelitinib,0.37,uM,LJP5,72,hr,658,3030,3933,0.7703,0.8075
50238-3,Hs 578T,10159-101-1,Pelitinib,1.11,uM,LJP5,72,hr,658,3026,3933,0.7693,0.8065
50238-3,Hs 578T,10159-101-1,Pelitinib,3.33,uM,LJP5,72,hr,658,1123,3933,0.2855,0.2280
50238-3,Hs 578T,10159-101-1,Pelitinib,10,uM,LJP5,72,hr,658,448,3933,0.1141,-0.1393
50238-3,Hs 578T,10161-101-1,Luminespib,0.04,uM,LJP5,72,hr,658,771,3933,0.1961,0.0634
50238-3,Hs 578T,10161-101-1,Luminespib,0.12,uM,LJP5,72,hr,658,781,3933,0.1986,0.0687
50238-3,Hs 578T,10161-101-1,Luminespib,0.37,uM,LJP5,72,hr,658,769,3933,0.1956,0.0624
50238-3,Hs 578T,10161-101-1,Luminespib,1.11,uM,LJP5,72,hr,658,741,3933,0.1885,0.0472
50238-3,Hs 578T,10161-101-1,Luminespib,3.33,uM,LJP5,72,hr,658,731,3933,0.1860,0.0413
50238-3,Hs 578T,10161-101-1,Luminespib,10,uM,LJP5,72,hr,658,709,3933,0.1803,0.0293
50238-3,Hs 578T,10164-101-1,AZD8330,0.04,uM,LJP5,72,hr,658,1041,3933,0.2646,0.1939
50238-3,Hs 578T,10164-101-1,AZD8330,0.12,uM,LJP5,72,hr,658,989,3933,0.2514,0.1710
50238-3,Hs 578T,10164-101-1,AZD8330,0.37,uM,LJP5,72,hr,658,989,3933,0.2515,0.1710
50238-3,Hs 578T,10164-101-1,AZD8330,1.11,uM,LJP5,72,hr,658,1003,3933,0.2550,0.1771
50238-3,Hs 578T,10164-101-1,AZD8330,3.33,uM,LJP5,72,hr,658,1057,3933,0.2688,0.2016
50238-3,Hs 578T,10164-101-1,AZD8330,10,uM,LJP5,72,hr,658,1027,3933,0.2612,0.1884
50238-3,Hs 578T,10171-101-1,TGX221,0.04,uM,LJP5,72,hr,658,3589,3933,0.9125,0.9303
50238-3,Hs 578T,10171-101-1,TGX221,0.12,uM,LJP5,72,hr,658,3595,3933,0.9140,0.9314
50238-3,Hs 578T,10171-101-1,TGX221,0.37,uM,LJP5,72,hr,658,3599,3933,0.9150,0.9323
50238-3,Hs 578T,10171-101-1,TGX221,1.11,uM,LJP5,72,hr,658,3518,3933,0.8943,0.9149
50238-3,Hs 578T,10171-101-1,TGX221,3.33,uM,LJP5,72,hr,658,3510,3933,0.8925,0.9135
50238-3,Hs 578T,10171-101-1,TGX221,10,uM,LJP5,72,hr,658,2967,3933,0.7543,0.7929
50238-3,Hs 578T,10172-101-1,GSK1059615,0.04,uM,LJP5,72,hr,658,3932,3933,0.9998,0.9997
50238-3,Hs 578T,10172-101-1,GSK1059615,0.04,uM,LJP6,72,hr,658,3425,3761,0.9107,0.9266
50238-3,Hs 578T,10172-101-1,GSK1059615,0.12,uM,LJP5,72,hr,658,3367,3933,0.8561,0.8825
50238-3,Hs 578T,10172-101-1,GSK1059615,0.12,uM,LJP6,72,hr,658,3115,3761,0.8285,0.8558
50238-3,Hs 578T,10172-101-1,GSK1059615,0.37,uM,LJP5,72,hr,658,2717,3933,0.6908,0.7326
50238-3,Hs 578T,10172-101-1,GSK1059615,0.37,uM,LJP6,72,hr,658,2752,3761,0.7318,0.7664
50238-3,Hs 578T,10172-101-1,GSK1059615,1.11,uM,LJP5,72,hr,658,1523,3933,0.3873,0.3842
50238-3,Hs 578T,10172-101-1,GSK1059615,1.11,uM,LJP6,72,hr,658,1663,3761,0.4422,0.4453
50238-3,Hs 578T,10172-101-1,GSK1059615,3.33,uM,LJP5,72,hr,658,741,3933,0.1883,0.0464
50238-3,Hs 578T,10172-101-1,GSK1059615,3.33,uM,LJP6,72,hr,658,860,3761,0.2287,0.1121
50238-3,Hs 578T,10172-101-1,GSK1059615,10,uM,LJP5,72,hr,658,223,3933,0.0568,-0.3427
50238-3,Hs 578T,10172-101-1,GSK1059615,10,uM,LJP6,72,hr,658,479,3761,0.1276,-0.1210
50238-3,Hs 578T,10177-101-1,Brivanib,0.04,uM,LJP5,72,hr,658,3799,3933,0.9658,0.9731
50238-3,Hs 578T,10177-101-1,Brivanib,0.12,uM,LJP5,72,hr,658,3625,3933,0.9218,0.9377
50238-3,Hs 578T,10177-101-1,Brivanib,0.37,uM,LJP5,72,hr,658,3736,3933,0.9500,0.9602
50238-3,Hs 578T,10177-101-1,Brivanib,1.11,uM,LJP5,72,hr,658,3613,3933,0.9187,0.9347
50238-3,Hs 578T,10177-101-1,Brivanib,3.33,uM,LJP5,72,hr,658,3595,3933,0.9140,0.9313
50238-3,Hs 578T,10177-101-1,Brivanib,10,uM,LJP5,72,hr,658,2718,3933,0.6910,0.7329
50238-3,Hs 578T,10180-101-1,CHIR-99021,0.04,uM,LJP6,72,hr,658,3568,3761,0.9491,0.9588
50238-3,Hs 578T,10180-101-1,CHIR-99021,0.12,uM,LJP6,72,hr,658,3574,3761,0.9506,0.9601
50238-3,Hs 578T,10180-101-1,CHIR-99021,0.37,uM,LJP6,72,hr,658,3681,3761,0.9792,0.9833
50238-3,Hs 578T,10180-101-1,CHIR-99021,1.11,uM,LJP6,72,hr,658,3649,3761,0.9700,0.9757
50238-3,Hs 578T,10180-101-1,CHIR-99021,3.33,uM,LJP6,72,hr,658,3403,3761,0.9055,0.9222
50238-3,Hs 578T,10180-101-1,CHIR-99021,10,uM,LJP6,72,hr,658,2360,3761,0.6276,0.6614
50238-3,Hs 578T,10182-101-1,Linifanib,0.04,uM,LJP6,72,hr,658,3770,3761,1.0024,1.0019
50238-3,Hs 578T,10182-101-1,Linifanib,0.12,uM,LJP6,72,hr,658,3692,3761,0.9821,0.9855
50238-3,Hs 578T,10182-101-1,Linifanib,0.37,uM,LJP6,72,hr,658,3692,3761,0.9817,0.9850
50238-3,Hs 578T,10182-101-1,Linifanib,1.11,uM,LJP6,72,hr,658,3686,3761,0.9799,0.9835
50238-3,Hs 578T,10182-101-1,Linifanib,3.33,uM,LJP6,72,hr,658,3493,3761,0.9287,0.9418
50238-3,Hs 578T,10182-101-1,Linifanib,10,uM,LJP6,72,hr,658,2041,3761,0.5427,0.5679
50238-3,Hs 578T,10190-101-1,PIK-93,0.04,uM,LJP5,72,hr,658,4012,3933,1.0201,1.0152
50238-3,Hs 578T,10190-101-1,PIK-93,0.12,uM,LJP5,72,hr,658,3884,3933,0.9876,0.9903
50238-3,Hs 578T,10190-101-1,PIK-93,0.37,uM,LJP5,72,hr,658,3600,3933,0.9153,0.9324
50238-3,Hs 578T,10190-101-1,PIK-93,1.11,uM,LJP5,72,hr,658,3127,3933,0.7950,0.8298
50238-3,Hs 578T,10190-101-1,PIK-93,3.33,uM,LJP5,72,hr,658,2580,3933,0.6560,0.6983
50238-3,Hs 578T,10190-101-1,PIK-93,10,uM,LJP5,72,hr,658,1316,3933,0.3346,0.3082
50238-3,Hs 578T,10232-101-1,Dactolisib,0.04,uM,LJP5,72,hr,658,1163,3933,0.2958,0.2471
50238-3,Hs 578T,10232-101-1,Dactolisib,0.12,uM,LJP5,72,hr,658,980,3933,0.2492,0.1668
50238-3,Hs 578T,10232-101-1,Dactolisib,0.37,uM,LJP5,72,hr,658,789,3933,0.2008,0.0729
50238-3,Hs 578T,10232-101-1,Dactolisib,1.11,uM,LJP5,72,hr,658,920,3933,0.2341,0.1382
50238-3,Hs 578T,10232-101-1,Dactolisib,3.33,uM,LJP5,72,hr,658,945,3933,0.2404,0.1505
50238-3,Hs 578T,10232-101-1,Dactolisib,10,uM,LJP5,72,hr,658,971,3933,0.2468,0.1625
50238-3,Hs 578T,10233-101-1,Alpelisib,0.04,uM,LJP5,72,hr,658,3835,3933,0.9749,0.9803
50238-3,Hs 578T,10233-101-1,Alpelisib,0.12,uM,LJP5,72,hr,658,3517,3933,0.8941,0.9149
50238-3,Hs 578T,10233-101-1,Alpelisib,0.37,uM,LJP5,72,hr,658,3351,3933,0.8521,0.8797
50238-3,Hs 578T,10233-101-1,Alpelisib,1.11,uM,LJP5,72,hr,658,3168,3933,0.8056,0.8390
50238-3,Hs 578T,10233-101-1,Alpelisib,3.33,uM,LJP5,72,hr,658,2892,3933,0.7352,0.7751
50238-3,Hs 578T,10233-101-1,Alpelisib,10,uM,LJP5,72,hr,658,2213,3933,0.5626,0.5998
50238-3,Hs 578T,10234-101-1,GDC-0980,0.04,uM,LJP5,72,hr,658,2318,3933,0.5895,0.6294
50238-3,Hs 578T,10234-101-1,GDC-0980,0.12,uM,LJP5,72,hr,658,1738,3933,0.4418,0.4568
50238-3,Hs 578T,10234-101-1,GDC-0980,0.37,uM,LJP5,72,hr,658,1379,3933,0.3507,0.3322
50238-3,Hs 578T,10234-101-1,GDC-0980,1.11,uM,LJP5,72,hr,658,1212,3933,0.3082,0.2669
50238-3,Hs 578T,10234-101-1,GDC-0980,3.33,uM,LJP5,72,hr,658,1128,3933,0.2870,0.2324
50238-3,Hs 578T,10234-101-1,GDC-0980,10,uM,LJP5,72,hr,658,1051,3933,0.2673,0.1990
50238-3,Hs 578T,10479-102-1,Mitoxantrone,0.04,uM,LJP5,72,hr,658,707,3933,0.1797,0.0275
50238-3,Hs 578T,10479-102-1,Mitoxantrone,0.04,uM,LJP6,72,hr,658,605,3761,0.1609,-0.0336
50238-3,Hs 578T,10479-102-1,Mitoxantrone,0.12,uM,LJP5,72,hr,658,628,3933,0.1598,-0.0184
50238-3,Hs 578T,10479-102-1,Mitoxantrone,0.12,uM,LJP6,72,hr,658,602,3761,0.1603,-0.0351
50238-3,Hs 578T,10479-102-1,Mitoxantrone,0.37,uM,LJP5,72,hr,658,491,3933,0.1249,-0.1073
50238-3,Hs 578T,10479-102-1,Mitoxantrone,0.37,uM,LJP6,72,hr,658,535,3761,0.1423,-0.0796
50238-3,Hs 578T,10479-102-1,Mitoxantrone,1.11,uM,LJP5,72,hr,658,276,3933,0.0702,-0.2865
50238-3,Hs 578T,10479-102-1,Mitoxantrone,1.11,uM,LJP6,72,hr,658,287,3761,0.0762,-0.2818
50238-3,Hs 578T,10479-102-1,Mitoxantrone,3.33,uM,LJP5,72,hr,658,154,3933,0.0392,-0.4301
50238-3,Hs 578T,10479-102-1,Mitoxantrone,3.33,uM,LJP6,72,hr,658,147,3761,0.0393,-0.4481
50238-3,Hs 578T,10479-102-1,Mitoxantrone,10,uM,LJP5,72,hr,658,25,3933,0.0064,-0.7202
50238-3,Hs 578T,10479-102-1,Mitoxantrone,10,uM,LJP6,72,hr,658,35,3761,0.0093,-0.6912
50238-3,Hs 578T,10480-101-1,Radicicol,0.04,uM,LJP5,72,hr,658,4056,3933,1.0311,1.0237
50238-3,Hs 578T,10480-101-1,Radicicol,0.04,uM,LJP6,72,hr,658,3861,3761,1.0265,1.0209
50238-3,Hs 578T,10480-101-1,Radicicol,0.12,uM,LJP5,72,hr,658,3143,3933,0.7994,0.8312
50238-3,Hs 578T,10480-101-1,Radicicol,0.12,uM,LJP6,72,hr,658,3029,3761,0.8055,0.8351
50238-3,Hs 578T,10480-101-1,Radicicol,0.37,uM,LJP5,72,hr,658,1688,3933,0.4291,0.4400
50238-3,Hs 578T,10480-101-1,Radicicol,0.37,uM,LJP6,72,hr,658,1309,3761,0.3477,0.3112
50238-3,Hs 578T,10480-101-1,Radicicol,1.11,uM,LJP5,72,hr,658,905,3933,0.2301,0.1312
50238-3,Hs 578T,10480-101-1,Radicicol,1.11,uM,LJP6,72,hr,658,779,3761,0.2070,0.0671
50238-3,Hs 578T,10480-101-1,Radicicol,3.33,uM,LJP5,72,hr,658,687,3933,0.1748,0.0170
50238-3,Hs 578T,10480-101-1,Radicicol,3.33,uM,LJP6,72,hr,658,686,3761,0.1826,0.0158
50238-3,Hs 578T,10480-101-1,Radicicol,10,uM,LJP5,72,hr,658,643,3933,0.1634,-0.0097
50238-3,Hs 578T,10480-101-1,Radicicol,10,uM,LJP6,72,hr,658,609,3761,0.1620,-0.0312
50238-3,Hs 578T,10481-101-1,Withaferin A,0.04,uM,LJP5,72,hr,658,4067,3933,1.0339,1.0261
50238-3,Hs 578T,10481-101-1,Withaferin A,0.04,uM,LJP6,72,hr,658,3919,3761,1.0421,1.0331
50238-3,Hs 578T,10481-101-1,Withaferin A,0.12,uM,LJP5,72,hr,658,4079,3933,1.0369,1.0283
50238-3,Hs 578T,10481-101-1,Withaferin A,0.12,uM,LJP6,72,hr,658,3894,3761,1.0354,1.0279
50238-3,Hs 578T,10481-101-1,Withaferin A,0.37,uM,LJP5,72,hr,658,3400,3933,0.8643,0.8897
50238-3,Hs 578T,10481-101-1,Withaferin A,0.37,uM,LJP6,72,hr,658,3018,3761,0.8029,0.8320
50238-3,Hs 578T,10481-101-1,Withaferin A,1.11,uM,LJP5,72,hr,658,650,3933,0.1653,-0.0058
50238-3,Hs 578T,10481-101-1,Withaferin A,1.11,uM,LJP6,72,hr,658,651,3761,0.1731,-0.0053
50238-3,Hs 578T,10481-101-1,Withaferin A,3.33,uM,LJP5,72,hr,658,581,3933,0.1478,-0.0473
50238-3,Hs 578T,10481-101-1,Withaferin A,3.33,uM,LJP6,72,hr,658,583,3761,0.1551,-0.0472
50238-3,Hs 578T,10481-101-1,Withaferin A,10,uM,LJP5,72,hr,658,397,3933,0.1009,-0.1783
50238-3,Hs 578T,10481-101-1,Withaferin A,10,uM,LJP6,72,hr,658,338,3761,0.0900,-0.2329
50583-7,MCF 10A,10001-101-1,Seliciclib,0.04,uM,LJP5,72,hr,962,10269,10512,0.9769,0.9865
50583-7,MCF 10A,10001-101-1,Seliciclib,0.12,uM,LJP5,72,hr,962,10036,10512,0.9547,0.9731
50583-7,MCF 10A,10001-101-1,Seliciclib,0.37,uM,LJP5,72,hr,962,9671,10512,0.9201,0.9523
50583-7,MCF 10A,10001-101-1,Seliciclib,1.11,uM,LJP5,72,hr,962,9451,10512,0.8993,0.9393
50583-7,MCF 10A,10001-101-1,Seliciclib,3.33,uM,LJP5,72,hr,962,8937,10512,0.8501,0.9079
50583-7,MCF 10A,10001-101-1,Seliciclib,10,uM,LJP5,72,hr,962,4858,10512,0.4626,0.5989
50583-7,MCF 10A,10004-101-1,AT-7519,0.04,uM,LJP6,72,hr,962,9592,10692,0.8971,0.9382
50583-7,MCF 10A,10004-101-1,AT-7519,0.12,uM,LJP6,72,hr,962,7625,10692,0.7132,0.8145
50583-7,MCF 10A,10004-101-1,AT-7519,0.37,uM,LJP6,72,hr,962,595,10692,0.0557,-0.1298
50583-7,MCF 10A,10004-101-1,AT-7519,1.11,uM,LJP6,72,hr,962,319,10692,0.0299,-0.2726
50583-7,MCF 10A,10004-101-1,AT-7519,3.33,uM,LJP6,72,hr,962,194,10692,0.0181,-0.3695
50583-7,MCF 10A,10004-101-1,AT-7519,10,uM,LJP6,72,hr,962,195,10692,0.0183,-0.3686
50583-7,MCF 10A,10006-101-1,AZD7762,0.04,uM,LJP6,72,hr,962,10030,10692,0.9381,0.9634
50583-7,MCF 10A,10006-101-1,AZD7762,0.12,uM,LJP6,72,hr,962,8295,10692,0.7759,0.8591
50583-7,MCF 10A,10006-101-1,AZD7762,0.37,uM,LJP6,72,hr,962,6489,10692,0.6069,0.7322
50583-7,MCF 10A,10006-101-1,AZD7762,1.11,uM,LJP6,72,hr,962,3756,10692,0.3513,0.4793
50583-7,MCF 10A,10006-101-1,AZD7762,3.33,uM,LJP6,72,hr,962,1659,10692,0.1552,0.1693
50583-7,MCF 10A,10006-101-1,AZD7762,10,uM,LJP6,72,hr,962,414,10692,0.0388,-0.2181
50583-7,MCF 10A,10007-101-1,AZD8055,0.04,uM,LJP6,72,hr,962,3374,10692,0.3157,0.4335
50583-7,MCF 10A,10007-101-1,AZD8055,0.12,uM,LJP6,72,hr,962,2256,10692,0.2111,0.2779
50583-7,MCF 10A,10007-101-1,AZD8055,0.37,uM,LJP6,72,hr,962,1649,10692,0.1543,0.1674
50583-7,MCF 10A,10007-101-1,AZD8055,1.11,uM,LJP6,72,hr,962,1540,10692,0.1441,0.1450
50583-7,MCF 10A,10007-101-1,AZD8055,3.33,uM,LJP6,72,hr,962,1501,10692,0.1404,0.1361
50583-7,MCF 10A,10007-101-1,AZD8055,10,uM,LJP6,72,hr,962,57,10692,0.0053,-0.5572
50583-7,MCF 10A,10008-101-1,Sorafenib,0.04,uM,LJP6,72,hr,962,10167,10692,0.9510,0.9711
50583-7,MCF 10A,10008-101-1,Sorafenib,0.12,uM,LJP6,72,hr,962,9665,10692,0.9041,0.9423
50583-7,MCF 10A,10008-101-1,Sorafenib,0.37,uM,LJP6,72,hr,962,9369,10692,0.8764,0.9253
50583-7,MCF 10A,10008-101-1,Sorafenib,1.11,uM,LJP6,72,hr,962,9467,10692,0.8856,0.9311
50583-7,MCF 10A,10008-101-1,Sorafenib,3.33,uM,LJP6,72,hr,962,9121,10692,0.8531,0.9105
50583-7,MCF 10A,10008-101-1,Sorafenib,10,uM,LJP6,72,hr,962,4414,10692,0.4130,0.5497
50583-7,MCF 10A,10009-101-1,CP466722,0.04,uM,LJP5,72,hr,962,10626,10512,1.0107,1.0061
50583-7,MCF 10A,10009-101-1,CP466722,0.12,uM,LJP5,72,hr,962,10501,10512,0.9991,0.9995
50583-7,MCF 10A,10009-101-1,CP466722,0.37,uM,LJP5,72,hr,962,10451,10512,0.9941,0.9965
50583-7,MCF 10A,10009-101-1,CP466722,1.11,uM,LJP5,72,hr,962,10248,10512,0.9748,0.9852
50583-7,MCF 10A,10009-101-1,CP466722,3.33,uM,LJP5,72,hr,962,9847,10512,0.9366,0.9624
50583-7,MCF 10A,10009-101-1,CP466722,10,uM,LJP5,72,hr,962,6114,10512,0.5817,0.7069
50583-7,MCF 10A,10010-101-1,CP724714,0.04,uM,LJP5,72,hr,962,10777,10512,1.0254,1.0146
50583-7,MCF 10A,10010-101-1,CP724714,0.12,uM,LJP5,72,hr,962,10541,10512,1.0029,1.0017
50583-7,MCF 10A,10010-101-1,CP724714,0.37,uM,LJP5,72,hr,962,10536,10512,1.0024,1.0014
50583-7,MCF 10A,10010-101-1,CP724714,1.11,uM,LJP5,72,hr,962,10368,10512,0.9864,0.9921
50583-7,MCF 10A,10010-101-1,CP724714,3.33,uM,LJP5,72,hr,962,10236,10512,0.9739,0.9847
50583-7,MCF 10A,10010-101-1,CP724714,10,uM,LJP5,72,hr,962,9395,10512,0.8940,0.9361
50583-7,MCF 10A,10011-101-1,Alvocidib,0.04,uM,LJP6,72,hr,962,722,10692,0.0676,-0.0804
50583-7,MCF 10A,10011-101-1,Alvocidib,0.12,uM,LJP6,72,hr,962,320,10692,0.0299,-0.2716
50583-7,MCF 10A,10011-101-1,Alvocidib,0.37,uM,LJP6,72,hr,962,200,10692,0.0187,-0.3636
50583-7,MCF 10A,10011-101-1,Alvocidib,1.11,uM,LJP6,72,hr,962,212,10692,0.0198,-0.3536
50583-7,MCF 10A,10011-101-1,Alvocidib,3.33,uM,LJP6,72,hr,962,204,10692,0.0191,-0.3608
50583-7,MCF 10A,10011-101-1,Alvocidib,10,uM,LJP6,72,hr,962,252,10692,0.0236,-0.3198
50583-7,MCF 10A,10014-101-1,GW843682X,0.04,uM,LJP6,72,hr,962,9967,10692,0.9323,0.9600
50583-7,MCF 10A,10014-101-1,GW843682X,0.12,uM,LJP6,72,hr,962,6712,10692,0.6278,0.7491
50583-7,MCF 10A,10014-101-1,GW843682X,0.37,uM,LJP6,72,hr,962,2477,10692,0.2318,0.3123
50583-7,MCF 10A,10014-101-1,GW843682X,1.11,uM,LJP6,72,hr,962,1036,10692,0.0969,0.0204
50583-7,MCF 10A,10014-101-1,GW843682X,3.33,uM,LJP6,72,hr,962,647,10692,0.0606,-0.1084
50583-7,MCF 10A,10014-101-1,GW843682X,10,uM,LJP6,72,hr,962,661,10692,0.0619,-0.1046
50583-7,MCF 10A,10015-101-1,HG-5-113-01,0.04,uM,LJP5,72,hr,962,10133,10512,0.9641,0.9788
50583-7,MCF 10A,10015-101-1,HG-5-113-01,0.12,uM,LJP5,72,hr,962,9832,10512,0.9353,0.9615
50583-7,MCF 10A,10015-101-1,HG-5-113-01,0.37,uM,LJP5,72,hr,962,8630,10512,0.8209,0.8887
50583-7,MCF 10A,10015-101-1,HG-5-113-01,1.11,uM,LJP5,72,hr,962,6186,10512,0.5885,0.7147
50583-7,MCF 10A,10015-101-1,HG-5-113-01,3.33,uM,LJP5,72,hr,962,1672,10512,0.1590,0.1733
50583-7,MCF 10A,10015-101-1,HG-5-113-01,10,uM,LJP5,72,hr,962,836,10512,0.0796,-0.0401
50583-7,MCF 10A,10016-101-1,HG-5-88-01,0.04,uM,LJP6,72,hr,962,10682,10692,0.9991,0.9995
50583-7,MCF 10A,10016-101-1,HG-5-88-01,0.12,uM,LJP6,72,hr,962,9724,10692,0.9095,0.9461
50583-7,MCF 10A,10016-101-1,HG-5-88-01,0.37,uM,LJP6,72,hr,962,8600,10692,0.8044,0.8786
50583-7,MCF 10A,10016-101-1,HG-5-88-01,1.11,uM,LJP6,72,hr,962,8375,10692,0.7834,0.8642
50583-7,MCF 10A,10016-101-1,HG-5-88-01,3.33,uM,LJP6,72,hr,962,7811,10692,0.7305,0.8271
50583-7,MCF 10A,10016-101-1,HG-5-88-01,10,uM,LJP6,72,hr,962,3772,10692,0.3529,0.4816
50583-7,MCF 10A,10017-101-1,HG-6-64-01,0.04,uM,LJP6,72,hr,962,10078,10692,0.9425,0.9661
50583-7,MCF 10A,10017-101-1,HG-6-64-01,0.12,uM,LJP6,72,hr,962,10055,10692,0.9404,0.9649
50583-7,MCF 10A,10017-101-1,HG-6-64-01,0.37,uM,LJP6,72,hr,962,10342,10692,0.9673,0.9809
50583-7,MCF 10A,10017-101-1,HG-6-64-01,1.11,uM,LJP6,72,hr,962,9196,10692,0.8601,0.9151
50583-7,MCF 10A,10017-101-1,HG-6-64-01,3.33,uM,LJP6,72,hr,962,6155,10692,0.5756,0.7055
50583-7,MCF 10A,10017-101-1,HG-6-64-01,10,uM,LJP6,72,hr,962,824,10692,0.0771,-0.0437
50583-7,MCF 10A,10018-101-1,Neratinib,0.04,uM,LJP5,72,hr,962,4873,10512,0.4634,0.5991
50583-7,MCF 10A,10018-101-1,Neratinib,0.12,uM,LJP5,72,hr,962,3269,10512,0.3111,0.4255
50583-7,MCF 10A,10018-101-1,Neratinib,0.37,uM,LJP5,72,hr,962,1603,10512,0.1524,0.1587
50583-7,MCF 10A,10018-101-1,Neratinib,1.11,uM,LJP5,72,hr,962,1596,10512,0.1519,0.1578
50583-7,MCF 10A,10018-101-1,Neratinib,3.33,uM,LJP5,72,hr,962,1517,10512,0.1444,0.1410
50583-7,MCF 10A,10018-101-1,Neratinib,10,uM,LJP5,72,hr,962,1606,10512,0.1528,0.1592
50583-7,MCF 10A,10019-101-1,JW-7-24-1,0.04,uM,LJP6,72,hr,962,10930,10692,1.0224,1.0127
50583-7,MCF 10A,10019-101-1,JW-7-24-1,0.12,uM,LJP6,72,hr,962,10510,10692,0.9830,0.9902
50583-7,MCF 10A,10019-101-1,JW-7-24-1,0.37,uM,LJP6,72,hr,962,9787,10692,0.9155,0.9497
50583-7,MCF 10A,10019-101-1,JW-7-24-1,1.11,uM,LJP6,72,hr,962,8711,10692,0.8149,0.8853
50583-7,MCF 10A,10019-101-1,JW-7-24-1,3.33,uM,LJP6,72,hr,962,6900,10692,0.6454,0.7630
50583-7,MCF 10A,10019-101-1,JW-7-24-1,10,uM,LJP6,72,hr,962,1460,10692,0.1366,0.1269
50583-7,MCF 10A,10020-101-1,Dasatinib,0.04,uM,LJP5,72,hr,962,8953,10512,0.8512,0.9084
50583-7,MCF 10A,10020-101-1,Dasatinib,0.04,uM,LJP6,72,hr,962,2885,10692,0.2698,0.3713
50583-7,MCF 10A,10020-101-1,Dasatinib,0.12,uM,LJP5,72,hr,962,6164,10512,0.5864,0.7129
50583-7,MCF 10A,10020-101-1,Dasatinib,0.12,uM,LJP6,72,hr,962,2316,10692,0.2167,0.2878
50583-7,MCF 10A,10020-101-1,Dasatinib,0.37,uM,LJP5,72,hr,962,3086,10512,0.2937,0.4020
50583-7,MCF 10A,10020-101-1,Dasatinib,0.37,uM,LJP6,72,hr,962,2012,10692,0.1882,0.2366
50583-7,MCF 10A,10020-101-1,Dasatinib,1.11,uM,LJP5,72,hr,962,1923,10512,0.1831,0.2223
50583-7,MCF 10A,10020-101-1,Dasatinib,1.11,uM,LJP6,72,hr,962,1272,10692,0.1190,0.0829
50583-7,MCF 10A,10020-101-1,Dasatinib,3.33,uM,LJP5,72,hr,962,1276,10512,0.1216,0.0835
50583-7,MCF 10A,10020-101-1,Dasatinib,3.33,uM,LJP6,72,hr,962,970,10692,0.0908,0.0014
50583-7,MCF 10A,10020-101-1,Dasatinib,10,uM,LJP5,72,hr,962,782,10512,0.0744,-0.0587
50583-7,MCF 10A,10020-101-1,Dasatinib,10,uM,LJP6,72,hr,962,514,10692,0.0481,-0.1662
50583-7,MCF 10A,10021-101-1,Tozasertib,0.04,uM,LJP5,72,hr,962,2070,10512,0.1971,0.2487
50583-7,MCF 10A,10021-101-1,Tozasertib,0.12,uM,LJP5,72,hr,962,1486,10512,0.1414,0.1344
50583-7,MCF 10A,10021-101-1,Tozasertib,0.37,uM,LJP5,72,hr,962,1384,10512,0.1316,0.1108
50583-7,MCF 10A,10021-101-1,Tozasertib,1.11,uM,LJP5,72,hr,962,1389,10512,0.1322,0.1117
50583-7,MCF 10A,10021-101-1,Tozasertib,3.33,uM,LJP5,72,hr,962,1348,10512,0.1283,0.1025
50583-7,MCF 10A,10021-101-1,Tozasertib,10,uM,LJP5,72,hr,962,1266,10512,0.1205,0.0828
50583-7,MCF 10A,10023-103-1,Imatinib,0.04,uM,LJP6,72,hr,962,10713,10692,1.0020,1.0012
50583-7,MCF 10A,10023-103-1,Imatinib,0.12,uM,LJP6,72,hr,962,10735,10692,1.0040,1.0023
50583-7,MCF 10A,10023-103-1,Imatinib,0.37,uM,LJP6,72,hr,962,10628,10692,0.9941,0.9966
50583-7,MCF 10A,10023-103-1,Imatinib,1.11,uM,LJP6,72,hr,962,10527,10692,0.9845,0.9910
50583-7,MCF 10A,10023-103-1,Imatinib,3.33,uM,LJP6,72,hr,962,10598,10692,0.9912,0.9947
50583-7,MCF 10A,10023-103-1,Imatinib,10,uM,LJP6,72,hr,962,10038,10692,0.9387,0.9637
50583-7,MCF 10A,10024-101-1,NVP-TAE684,0.04,uM,LJP6,72,hr,962,9483,10692,0.8869,0.9320
50583-7,MCF 10A,10024-101-1,NVP-TAE684,0.12,uM,LJP6,72,hr,962,8136,10692,0.7609,0.8486
50583-7,MCF 10A,10024-101-1,NVP-TAE684,0.37,uM,LJP6,72,hr,962,7023,10692,0.6568,0.7719
50583-7,MCF 10A,10024-101-1,NVP-TAE684,1.11,uM,LJP6,72,hr,962,5457,10692,0.5103,0.6440
50583-7,MCF 10A,10024-101-1,NVP-TAE684,3.33,uM,LJP6,72,hr,962,4458,10692,0.4169,0.5517
50583-7,MCF 10A,10024-101-1,NVP-TAE684,10,uM,LJP6,72,hr,962,1023,10692,0.0957,0.0177
50583-7,MCF 10A,10025-101-1,CGP60474,0.04,uM,LJP5,72,hr,962,4799,10512,0.4569,0.5925
50583-7,MCF 10A,10025-101-1,CGP60474,0.04,uM,LJP6,72,hr,962,400,10692,0.0375,-0.2234
50583-7,MCF 10A,10025-101-1,CGP60474,0.12,uM,LJP5,72,hr,962,387,10512,0.0368,-0.2331
50583-7,MCF 10A,10025-101-1,CGP60474,0.12,uM,LJP6,72,hr,962,253,10692,0.0237,-0.3195
50583-7,MCF 10A,10025-101-1,CGP60474,0.37,uM,LJP5,72,hr,962,263,10512,0.0251,-0.3130
50583-7,MCF 10A,10025-101-1,CGP60474,0.37,uM,LJP6,72,hr,962,277,10692,0.0260,-0.3019
50583-7,MCF 10A,10025-101-1,CGP60474,1.11,uM,LJP5,72,hr,962,245,10512,0.0233,-0.3280
50583-7,MCF 10A,10025-101-1,CGP60474,1.11,uM,LJP6,72,hr,962,236,10692,0.0221,-0.3323
50583-7,MCF 10A,10025-101-1,CGP60474,3.33,uM,LJP5,72,hr,962,292,10512,0.0278,-0.2931
50583-7,MCF 10A,10025-101-1,CGP60474,3.33,uM,LJP6,72,hr,962,238,10692,0.0223,-0.3328
50583-7,MCF 10A,10025-101-1,CGP60474,10,uM,LJP5,72,hr,962,326,10512,0.0310,-0.2699
50583-7,MCF 10A,10025-101-1,CGP60474,10,uM,LJP6,72,hr,962,279,10692,0.0261,-0.2996
50583-7,MCF 10A,10026-101-1,PD173074,0.04,uM,LJP6,72,hr,962,11072,10692,1.0356,1.0202
50583-7,MCF 10A,10026-101-1,PD173074,0.12,uM,LJP6,72,hr,962,10757,10692,1.0062,1.0035
50583-7,MCF 10A,10026-101-1,PD173074,0.37,uM,LJP6,72,hr,962,10653,10692,0.9964,0.9979
50583-7,MCF 10A,10026-101-1,PD173074,1.11,uM,LJP6,72,hr,962,10573,10692,0.9889,0.9935
50583-7,MCF 10A,10026-101-1,PD173074,3.33,uM,LJP6,72,hr,962,10254,10692,0.9590,0.9761
50583-7,MCF 10A,10026-101-1,PD173074,10,uM,LJP6,72,hr,962,7264,10692,0.6794,0.7894
50583-7,MCF 10A,10027-101-1,Crizotinib,0.04,uM,LJP5,72,hr,962,10700,10512,1.0181,1.0104
50583-7,MCF 10A,10027-101-1,Crizotinib,0.12,uM,LJP5,72,hr,962,10435,10512,0.9927,0.9958
50583-7,MCF 10A,10027-101-1,Crizotinib,0.37,uM,LJP5,72,hr,962,9789,10512,0.9313,0.9591
50583-7,MCF 10A,10027-101-1,Crizotinib,1.11,uM,LJP5,72,hr,962,9096,10512,0.8654,0.9179
50583-7,MCF 10A,10027-101-1,Crizotinib,3.33,uM,LJP5,72,hr,962,7981,10512,0.7593,0.8464
50583-7,MCF 10A,10027-101-1,Crizotinib,10,uM,LJP5,72,hr,962,1392,10512,0.1326,0.1130
50583-7,MCF 10A,10028-102-1,BMS345541,0.04,uM,LJP6,72,hr,962,10478,10692,0.9800,0.9884
50583-7,MCF 10A,10028-102-1,BMS345541,0.12,uM,LJP6,72,hr,962,10223,10692,0.9561,0.9742
50583-7,MCF 10A,10028-102-1,BMS345541,0.37,uM,LJP6,72,hr,962,10337,10692,0.9668,0.9806
50583-7,MCF 10A,10028-102-1,BMS345541,1.11,uM,LJP6,72,hr,962,10222,10692,0.9561,0.9742
50583-7,MCF 10A,10028-102-1,BMS345541,3.33,uM,LJP6,72,hr,962,10231,10692,0.9569,0.9748
50583-7,MCF 10A,10028-102-1,BMS345541,10,uM,LJP6,72,hr,962,8900,10692,0.8324,0.8970
50583-7,MCF 10A,10031-101-1,KIN001-043,0.04,uM,LJP6,72,hr,962,9995,10692,0.9349,0.9613
50583-7,MCF 10A,10031-101-1,KIN001-043,0.12,uM,LJP6,72,hr,962,9752,10692,0.9123,0.9475
50583-7,MCF 10A,10031-101-1,KIN001-043,0.37,uM,LJP6,72,hr,962,9883,10692,0.9245,0.9553
50583-7,MCF 10A,10031-101-1,KIN001-043,1.11,uM,LJP6,72,hr,962,9860,10692,0.9222,0.9539
50583-7,MCF 10A,10031-101-1,KIN001-043,3.33,uM,LJP6,72,hr,962,8700,10692,0.8138,0.8846
50583-7,MCF 10A,10031-101-1,KIN001-043,10,uM,LJP6,72,hr,962,4948,10692,0.4630,0.6007
50583-7,MCF 10A,10032-101-1,Saracatinib,0.04,uM,LJP6,72,hr,962,10774,10692,1.0077,1.0044
50583-7,MCF 10A,10032-101-1,Saracatinib,0.12,uM,LJP6,72,hr,962,10264,10692,0.9601,0.9763
50583-7,MCF 10A,10032-101-1,Saracatinib,0.37,uM,LJP6,72,hr,962,9678,10692,0.9054,0.9432
50583-7,MCF 10A,10032-101-1,Saracatinib,1.11,uM,LJP6,72,hr,962,8216,10692,0.7686,0.8538
50583-7,MCF 10A,10032-101-1,Saracatinib,3.33,uM,LJP6,72,hr,962,5442,10692,0.5092,0.6449
50583-7,MCF 10A,10032-101-1,Saracatinib,10,uM,LJP6,72,hr,962,1343,10692,0.1257,0.1008
50583-7,MCF 10A,10035-101-1,Sigma A6730,0.04,uM,LJP5,72,hr,962,10574,10512,1.0062,1.0035
50583-7,MCF 10A,10035-101-1,Sigma A6730,0.12,uM,LJP5,72,hr,962,10317,10512,0.9818,0.9891
50583-7,MCF 10A,10035-101-1,Sigma A6730,0.37,uM,LJP5,72,hr,962,10042,10512,0.9553,0.9736
50583-7,MCF 10A,10035-101-1,Sigma A6730,1.11,uM,LJP5,72,hr,962,9424,10512,0.8966,0.9376
50583-7,MCF 10A,10035-101-1,Sigma A6730,3.33,uM,LJP5,72,hr,962,9532,10512,0.9069,0.9441
50583-7,MCF 10A,10035-101-1,Sigma A6730,10,uM,LJP5,72,hr,962,6093,10512,0.5797,0.7074
50583-7,MCF 10A,10039-101-1,WH-4-025,0.04,uM,LJP5,72,hr,962,9950,10512,0.9467,0.9683
50583-7,MCF 10A,10039-101-1,WH-4-025,0.12,uM,LJP5,72,hr,962,9320,10512,0.8868,0.9313
50583-7,MCF 10A,10039-101-1,WH-4-025,0.37,uM,LJP5,72,hr,962,7835,10512,0.7455,0.8366
50583-7,MCF 10A,10039-101-1,WH-4-025,1.11,uM,LJP5,72,hr,962,4667,10512,0.4442,0.5786
50583-7,MCF 10A,10039-101-1,WH-4-025,3.33,uM,LJP5,72,hr,962,2523,10512,0.2400,0.3187
50583-7,MCF 10A,10039-101-1,WH-4-025,10,uM,LJP5,72,hr,962,1935,10512,0.1841,0.2234
50583-7,MCF 10A,10040-101-1,R406,0.04,uM,LJP6,72,hr,962,10120,10692,0.9465,0.9686
50583-7,MCF 10A,10040-101-1,R406,0.12,uM,LJP6,72,hr,962,9584,10692,0.8966,0.9379
50583-7,MCF 10A,10040-101-1,R406,0.37,uM,LJP6,72,hr,962,9328,10692,0.8726,0.9229
50583-7,MCF 10A,10040-101-1,R406,1.11,uM,LJP6,72,hr,962,9076,10692,0.8490,0.9075
50583-7,MCF 10A,10040-101-1,R406,3.33,uM,LJP6,72,hr,962,7814,10692,0.7310,0.8266
50583-7,MCF 10A,10040-101-1,R406,10,uM,LJP6,72,hr,962,5513,10692,0.5158,0.6520
50583-7,MCF 10A,10041-101-1,BI-2536,0.04,uM,LJP6,72,hr,962,786,10692,0.0735,-0.0571
50583-7,MCF 10A,10041-101-1,BI-2536,0.12,uM,LJP6,72,hr,962,898,10692,0.0840,-0.0197
50583-7,MCF 10A,10041-101-1,BI-2536,0.37,uM,LJP6,72,hr,962,1000,10692,0.0935,0.0110
50583-7,MCF 10A,10041-101-1,BI-2536,1.11,uM,LJP6,72,hr,962,963,10692,0.0901,0.0002
50583-7,MCF 10A,10041-101-1,BI-2536,3.33,uM,LJP6,72,hr,962,905,10692,0.0847,-0.0176
50583-7,MCF 10A,10041-101-1,BI-2536,10,uM,LJP6,72,hr,962,909,10692,0.0851,-0.0170
50583-7,MCF 10A,10045-101-1,A443654,0.04,uM,LJP6,72,hr,962,10928,10692,1.0221,1.0126
50583-7,MCF 10A,10045-101-1,A443654,0.12,uM,LJP6,72,hr,962,7796,10692,0.7293,0.8261
50583-7,MCF 10A,10045-101-1,A443654,0.37,uM,LJP6,72,hr,962,1706,10692,0.1597,0.1792
50583-7,MCF 10A,10045-101-1,A443654,1.11,uM,LJP6,72,hr,962,674,10692,0.0631,-0.0979
50583-7,MCF 10A,10045-101-1,A443654,3.33,uM,LJP6,72,hr,962,316,10692,0.0296,-0.2756
50583-7,MCF 10A,10045-101-1,A443654,10,uM,LJP6,72,hr,962,173,10692,0.0162,-0.3911
50583-7,MCF 10A,10046-101-1,SB590885,0.04,uM,LJP5,72,hr,962,8969,10512,0.8534,0.9101
50583-7,MCF 10A,10046-101-1,SB590885,0.12,uM,LJP5,72,hr,962,8893,10512,0.8460,0.9052
50583-7,MCF 10A,10046-101-1,SB590885,0.37,uM,LJP5,72,hr,962,9190,10512,0.8741,0.9234
50583-7,MCF 10A,10046-101-1,SB590885,1.11,uM,LJP5,72,hr,962,9627,10512,0.9157,0.9495
50583-7,MCF 10A,10046-101-1,SB590885,3.33,uM,LJP5,72,hr,962,9798,10512,0.9320,0.9596
50583-7,MCF 10A,10046-101-1,SB590885,10,uM,LJP5,72,hr,962,6137,10512,0.5837,0.7108
50583-7,MCF 10A,10047-101-1,Pictilisib,0.04,uM,LJP6,72,hr,962,10649,10692,0.9960,0.9975
50583-7,MCF 10A,10047-101-1,Pictilisib,0.12,uM,LJP6,72,hr,962,9437,10692,0.8827,0.9292
50583-7,MCF 10A,10047-101-1,Pictilisib,0.37,uM,LJP6,72,hr,962,7038,10692,0.6583,0.7732
50583-7,MCF 10A,10047-101-1,Pictilisib,1.11,uM,LJP6,72,hr,962,4104,10692,0.3839,0.5182
50583-7,MCF 10A,10047-101-1,Pictilisib,3.33,uM,LJP6,72,hr,962,2782,10692,0.2603,0.3569
50583-7,MCF 10A,10047-101-1,Pictilisib,10,uM,LJP6,72,hr,962,1286,10692,0.1203,0.0870
50583-7,MCF 10A,10048-101-1,PD184352,0.04,uM,LJP5,72,hr,962,5377,10512,0.5111,0.6457
50583-7,MCF 10A,10048-101-1,PD184352,0.12,uM,LJP5,72,hr,962,4935,10512,0.4693,0.6056
50583-7,MCF 10A,10048-101-1,PD184352,0.37,uM,LJP5,72,hr,962,3931,10512,0.3738,0.5033
50583-7,MCF 10A,10048-101-1,PD184352,1.11,uM,LJP5,72,hr,962,3432,10512,0.3264,0.4450
50583-7,MCF 10A,10048-101-1,PD184352,3.33,uM,LJP5,72,hr,962,2663,10512,0.2533,0.3430
50583-7,MCF 10A,10048-101-1,PD184352,10,uM,LJP5,72,hr,962,1578,10512,0.1501,0.1533
50583-7,MCF 10A,10049-101-1,PLX-4720,0.04,uM,LJP5,72,hr,962,10086,10512,0.9595,0.9760
50583-7,MCF 10A,10049-101-1,PLX-4720,0.12,uM,LJP5,72,hr,962,9619,10512,0.9150,0.9489
50583-7,MCF 10A,10049-101-1,PLX-4720,0.37,uM,LJP5,72,hr,962,9239,10512,0.8789,0.9264
50583-7,MCF 10A,10049-101-1,PLX-4720,1.11,uM,LJP5,72,hr,962,9201,10512,0.8754,0.9242
50583-7,MCF 10A,10049-101-1,PLX-4720,3.33,uM,LJP5,72,hr,962,9312,10512,0.8860,0.9309
50583-7,MCF 10A,10049-101-1,PLX-4720,10,uM,LJP5,72,hr,962,8942,10512,0.8511,0.9085
50583-7,MCF 10A,10051-104-1,Lapatinib,0.04,uM,LJP6,72,hr,962,10747,10692,1.0052,1.0030
50583-7,MCF 10A,10051-104-1,Lapatinib,0.12,uM,LJP6,72,hr,962,10580,10692,0.9895,0.9939
50583-7,MCF 10A,10051-104-1,Lapatinib,0.37,uM,LJP6,72,hr,962,10615,10692,0.9929,0.9959
50583-7,MCF 10A,10051-104-1,Lapatinib,1.11,uM,LJP6,72,hr,962,10191,10692,0.9533,0.9726
50583-7,MCF 10A,10051-104-1,Lapatinib,3.33,uM,LJP6,72,hr,962,8583,10692,0.8028,0.8774
50583-7,MCF 10A,10051-104-1,Lapatinib,10,uM,LJP6,72,hr,962,2659,10692,0.2487,0.3382
50583-7,MCF 10A,10052-101-1,Sirolimus,0.04,uM,LJP6,72,hr,962,9348,10692,0.8743,0.9241
50583-7,MCF 10A,10052-101-1,Sirolimus,0.12,uM,LJP6,72,hr,962,9527,10692,0.8911,0.9347
50583-7,MCF 10A,10052-101-1,Sirolimus,0.37,uM,LJP6,72,hr,962,9293,10692,0.8691,0.9207
50583-7,MCF 10A,10052-101-1,Sirolimus,1.11,uM,LJP6,72,hr,962,9424,10692,0.8814,0.9286
50583-7,MCF 10A,10052-101-1,Sirolimus,3.33,uM,LJP6,72,hr,962,9200,10692,0.8605,0.9152
50583-7,MCF 10A,10052-101-1,Sirolimus,10,uM,LJP6,72,hr,962,9031,10692,0.8446,0.9049
50583-7,MCF 10A,10053-101-1,ZSTK474,0.04,uM,LJP6,72,hr,962,10688,10692,0.9996,0.9996
50583-7,MCF 10A,10053-101-1,ZSTK474,0.12,uM,LJP6,72,hr,962,9117,10692,0.8526,0.9099
50583-7,MCF 10A,10053-101-1,ZSTK474,0.37,uM,LJP6,72,hr,962,7328,10692,0.6853,0.7934
50583-7,MCF 10A,10053-101-1,ZSTK474,1.11,uM,LJP6,72,hr,962,3769,10692,0.3525,0.4811
50583-7,MCF 10A,10053-101-1,ZSTK474,3.33,uM,LJP6,72,hr,962,2212,10692,0.2069,0.2708
50583-7,MCF 10A,10053-101-1,ZSTK474,10,uM,LJP6,72,hr,962,1349,10692,0.1263,0.1021
50583-7,MCF 10A,10055-101-1,BX-912,0.04,uM,LJP5,72,hr,962,9662,10512,0.9191,0.9516
50583-7,MCF 10A,10055-101-1,BX-912,0.12,uM,LJP5,72,hr,962,8016,10512,0.7625,0.8487
50583-7,MCF 10A,10055-101-1,BX-912,0.37,uM,LJP5,72,hr,962,2387,10512,0.2274,0.3011
50583-7,MCF 10A,10055-101-1,BX-912,1.11,uM,LJP5,72,hr,962,1658,10512,0.1579,0.1709
50583-7,MCF 10A,10055-101-1,BX-912,3.33,uM,LJP5,72,hr,962,1609,10512,0.1532,0.1608
50583-7,MCF 10A,10055-101-1,BX-912,10,uM,LJP5,72,hr,962,1162,10512,0.1106,0.0562
50583-7,MCF 10A,10056-101-1,Selumetinib,0.04,uM,LJP6,72,hr,962,4977,10692,0.4655,0.6048
50583-7,MCF 10A,10056-101-1,Selumetinib,0.12,uM,LJP6,72,hr,962,3938,10692,0.3683,0.4997
50583-7,MCF 10A,10056-101-1,Selumetinib,0.37,uM,LJP6,72,hr,962,3234,10692,0.3024,0.4163
50583-7,MCF 10A,10056-101-1,Selumetinib,1.11,uM,LJP6,72,hr,962,2544,10692,0.2380,0.3226
50583-7,MCF 10A,10056-101-1,Selumetinib,3.33,uM,LJP6,72,hr,962,2226,10692,0.2082,0.2728
50583-7,MCF 10A,10056-101-1,Selumetinib,10,uM,LJP6,72,hr,962,1692,10692,0.1583,0.1759
50583-7,MCF 10A,10057-102-1,MK2206,0.04,uM,LJP6,72,hr,962,9755,10692,0.9124,0.9479
50583-7,MCF 10A,10057-102-1,MK2206,0.12,uM,LJP6,72,hr,962,9561,10692,0.8942,0.9366
50583-7,MCF 10A,10057-102-1,MK2206,0.37,uM,LJP6,72,hr,962,9288,10692,0.8686,0.9201
50583-7,MCF 10A,10057-102-1,MK2206,1.11,uM,LJP6,72,hr,962,8441,10692,0.7895,0.8684
50583-7,MCF 10A,10057-102-1,MK2206,3.33,uM,LJP6,72,hr,962,7707,10692,0.7209,0.8202
50583-7,MCF 10A,10057-102-1,MK2206,10,uM,LJP6,72,hr,962,2924,10692,0.2735,0.3770
50583-7,MCF 10A,10059-101-1,AZD-6482,0.04,uM,LJP5,72,hr,962,10549,10512,1.0034,1.0019
50583-7,MCF 10A,10059-101-1,AZD-6482,0.12,uM,LJP5,72,hr,962,10337,10512,0.9834,0.9902
50583-7,MCF 10A,10059-101-1,AZD-6482,0.37,uM,LJP5,72,hr,962,10138,10512,0.9645,0.9791
50583-7,MCF 10A,10059-101-1,AZD-6482,1.11,uM,LJP5,72,hr,962,10023,10512,0.9537,0.9727
50583-7,MCF 10A,10059-101-1,AZD-6482,3.33,uM,LJP5,72,hr,962,9766,10512,0.9293,0.9578
50583-7,MCF 10A,10059-101-1,AZD-6482,10,uM,LJP5,72,hr,962,4647,10512,0.4426,0.5782
50583-7,MCF 10A,10061-101-1,NU7441,0.04,uM,LJP5,72,hr,962,10789,10512,1.0262,1.0149
50583-7,MCF 10A,10061-101-1,NU7441,0.12,uM,LJP5,72,hr,962,10592,10512,1.0075,1.0042
50583-7,MCF 10A,10061-101-1,NU7441,0.37,uM,LJP5,72,hr,962,10097,10512,0.9605,0.9768
50583-7,MCF 10A,10061-101-1,NU7441,1.11,uM,LJP5,72,hr,962,9609,10512,0.9139,0.9483
50583-7,MCF 10A,10061-101-1,NU7441,3.33,uM,LJP5,72,hr,962,8446,10512,0.8033,0.8769
50583-7,MCF 10A,10061-101-1,NU7441,10,uM,LJP5,72,hr,962,1833,10512,0.1741,0.2021
50583-7,MCF 10A,10063-102-1,OSI-027,0.04,uM,LJP6,72,hr,962,7454,10692,0.6974,0.8022
50583-7,MCF 10A,10063-102-1,OSI-027,0.12,uM,LJP6,72,hr,962,4669,10692,0.4368,0.5754
50583-7,MCF 10A,10063-102-1,OSI-027,0.37,uM,LJP6,72,hr,962,2731,10692,0.2555,0.3497
50583-7,MCF 10A,10063-102-1,OSI-027,1.11,uM,LJP6,72,hr,962,2181,10692,0.2040,0.2650
50583-7,MCF 10A,10063-102-1,OSI-027,3.33,uM,LJP6,72,hr,962,1575,10692,0.1473,0.1520
50583-7,MCF 10A,10063-102-1,OSI-027,10,uM,LJP6,72,hr,962,1514,10692,0.1416,0.1389
50583-7,MCF 10A,10064-101-1,WYE-125132,0.04,uM,LJP6,72,hr,962,3086,10692,0.2887,0.3982
50583-7,MCF 10A,10064-101-1,WYE-125132,0.12,uM,LJP6,72,hr,962,1947,10692,0.1821,0.2250
50583-7,MCF 10A,10064-101-1,WYE-125132,0.37,uM,LJP6,72,hr,962,1620,10692,0.1515,0.1614
50583-7,MCF 10A,10064-101-1,WYE-125132,1.11,uM,LJP6,72,hr,962,1607,10692,0.1504,0.1592
50583-7,MCF 10A,10064-101-1,WYE-125132,3.33,uM,LJP6,72,hr,962,1417,10692,0.1325,0.1179
50583-7,MCF 10A,10064-101-1,WYE-125132,10,uM,LJP6,72,hr,962,1427,10692,0.1335,0.1201
50583-7,MCF 10A,10067-101-1,Barasertib,0.04,uM,LJP5,72,hr,962,1437,10512,0.1367,0.1230
50583-7,MCF 10A,10067-101-1,Barasertib,0.12,uM,LJP5,72,hr,962,1429,10512,0.1361,0.1215
50583-7,MCF 10A,10067-101-1,Barasertib,0.37,uM,LJP5,72,hr,962,1401,10512,0.1333,0.1144
50583-7,MCF 10A,10067-101-1,Barasertib,1.11,uM,LJP5,72,hr,962,1466,10512,0.1395,0.1298
50583-7,MCF 10A,10067-101-1,Barasertib,3.33,uM,LJP5,72,hr,962,1494,10512,0.1421,0.1359
50583-7,MCF 10A,10067-101-1,Barasertib,10,uM,LJP5,72,hr,962,1465,10512,0.1394,0.1281
50583-7,MCF 10A,10068-101-1,Vemurafenib,0.04,uM,LJP5,72,hr,962,10399,10512,0.9892,0.9936
50583-7,MCF 10A,10068-101-1,Vemurafenib,0.12,uM,LJP5,72,hr,962,10238,10512,0.9740,0.9848
50583-7,MCF 10A,10068-101-1,Vemurafenib,0.37,uM,LJP5,72,hr,962,10309,10512,0.9806,0.9886
50583-7,MCF 10A,10068-101-1,Vemurafenib,1.11,uM,LJP5,72,hr,962,10108,10512,0.9615,0.9773
50583-7,MCF 10A,10068-101-1,Vemurafenib,3.33,uM,LJP5,72,hr,962,8735,10512,0.8312,0.8954
50583-7,MCF 10A,10068-101-1,Vemurafenib,10,uM,LJP5,72,hr,962,4165,10512,0.3960,0.5283
50583-7,MCF 10A,10069-101-1,Enzastaurin,0.04,uM,LJP5,72,hr,962,10758,10512,1.0234,1.0134
50583-7,MCF 10A,10069-101-1,Enzastaurin,0.12,uM,LJP5,72,hr,962,10762,10512,1.0237,1.0136
50583-7,MCF 10A,10069-101-1,Enzastaurin,0.37,uM,LJP5,72,hr,962,10851,10512,1.0323,1.0184
50583-7,MCF 10A,10069-101-1,Enzastaurin,1.11,uM,LJP5,72,hr,962,11253,10512,1.0703,1.0397
50583-7,MCF 10A,10069-101-1,Enzastaurin,3.33,uM,LJP5,72,hr,962,11572,10512,1.1008,1.0564
50583-7,MCF 10A,10069-101-1,Enzastaurin,10,uM,LJP5,72,hr,962,11123,10512,1.0580,1.0328
50583-7,MCF 10A,10071-101-1,Palbociclib,0.04,uM,LJP6,72,hr,962,7377,10692,0.6900,0.7974
50583-7,MCF 10A,10071-101-1,Palbociclib,0.12,uM,LJP6,72,hr,962,5870,10692,0.5491,0.6830
50583-7,MCF 10A,10071-101-1,Palbociclib,0.37,uM,LJP6,72,hr,962,5066,10692,0.4739,0.6131
50583-7,MCF 10A,10071-101-1,Palbociclib,1.11,uM,LJP6,72,hr,962,4339,10692,0.4058,0.5427
50583-7,MCF 10A,10071-101-1,Palbociclib,3.33,uM,LJP6,72,hr,962,4065,10692,0.3803,0.5137
50583-7,MCF 10A,10071-101-1,Palbociclib,10,uM,LJP6,72,hr,962,2737,10692,0.2560,0.3510
50583-7,MCF 10A,10072-101-1,PF562271,0.04,uM,LJP6,72,hr,962,8699,10692,0.8137,0.8847
50583-7,MCF 10A,10072-101-1,PF562271,0.12,uM,LJP6,72,hr,962,7356,10692,0.6881,0.7958
50583-7,MCF 10A,10072-101-1,PF562271,0.37,uM,LJP6,72,hr,962,5456,10692,0.5103,0.6478
50583-7,MCF 10A,10072-101-1,PF562271,1.11,uM,LJP6,72,hr,962,2906,10692,0.2719,0.3744
50583-7,MCF 10A,10072-101-1,PF562271,3.33,uM,LJP6,72,hr,962,1254,10692,0.1173,0.0785
50583-7,MCF 10A,10072-101-1,PF562271,10,uM,LJP6,72,hr,962,369,10692,0.0345,-0.2412
50583-7,MCF 10A,10073-101-1,PHA-793887,0.04,uM,LJP6,72,hr,962,3090,10692,0.2890,0.3991
50583-7,MCF 10A,10073-101-1,PHA-793887,0.12,uM,LJP6,72,hr,962,1859,10692,0.1739,0.2085
50583-7,MCF 10A,10073-101-1,PHA-793887,0.37,uM,LJP6,72,hr,962,1224,10692,0.1145,0.0715
50583-7,MCF 10A,10073-101-1,PHA-793887,1.11,uM,LJP6,72,hr,962,847,10692,0.0793,-0.0359
50583-7,MCF 10A,10073-101-1,PHA-793887,3.33,uM,LJP6,72,hr,962,604,10692,0.0565,-0.1257
50583-7,MCF 10A,10073-101-1,PHA-793887,10,uM,LJP6,72,hr,962,359,10692,0.0336,-0.2493
50583-7,MCF 10A,10075-101-1,QL-X-138,0.04,uM,LJP6,72,hr,962,11069,10692,1.0353,1.0201
50583-7,MCF 10A,10075-101-1,QL-X-138,0.12,uM,LJP6,72,hr,962,10435,10692,0.9760,0.9860
50583-7,MCF 10A,10075-101-1,QL-X-138,0.37,uM,LJP6,72,hr,962,9230,10692,0.8632,0.9170
50583-7,MCF 10A,10075-101-1,QL-X-138,1.11,uM,LJP6,72,hr,962,6839,10692,0.6398,0.7584
50583-7,MCF 10A,10075-101-1,QL-X-138,3.33,uM,LJP6,72,hr,962,2805,10692,0.2625,0.3588
50583-7,MCF 10A,10075-101-1,QL-X-138,10,uM,LJP6,72,hr,962,587,10692,0.0549,-0.1328
50583-7,MCF 10A,10077-101-1,QL-XII-47,0.04,uM,LJP6,72,hr,962,10065,10692,0.9414,0.9655
50583-7,MCF 10A,10077-101-1,QL-XII-47,0.12,uM,LJP6,72,hr,962,9610,10692,0.8989,0.9395
50583-7,MCF 10A,10077-101-1,QL-XII-47,0.37,uM,LJP6,72,hr,962,8582,10692,0.8027,0.8774
50583-7,MCF 10A,10077-101-1,QL-XII-47,1.11,uM,LJP6,72,hr,962,6339,10692,0.5929,0.7205
50583-7,MCF 10A,10077-101-1,QL-XII-47,3.33,uM,LJP6,72,hr,962,3256,10692,0.3046,0.4201
50583-7,MCF 10A,10077-101-1,QL-XII-47,10,uM,LJP6,72,hr,962,522,10692,0.0488,-0.1619
50583-7,MCF 10A,10079-101-1,Torin1,0.04,uM,LJP6,72,hr,962,5064,10692,0.4736,0.6123
50583-7,MCF 10A,10079-101-1,Torin1,0.12,uM,LJP6,72,hr,962,2496,10692,0.2335,0.3137
50583-7,MCF 10A,10079-101-1,Torin1,0.37,uM,LJP6,72,hr,962,1730,10692,0.1618,0.1836
50583-7,MCF 10A,10079-101-1,Torin1,1.11,uM,LJP6,72,hr,962,1527,10692,0.1428,0.1416
50583-7,MCF 10A,10079-101-1,Torin1,3.33,uM,LJP6,72,hr,962,1594,10692,0.1490,0.1555
50583-7,MCF 10A,10079-101-1,Torin1,10,uM,LJP6,72,hr,962,1262,10692,0.1180,0.0810
50583-7,MCF 10A,10080-101-1,Torin2,0.04,uM,LJP5,72,hr,962,1127,10512,0.1072,-0.0204
50583-7,MCF 10A,10080-101-1,Torin2,0.12,uM,LJP5,72,hr,962,1535,10512,0.1461,0.1448
50583-7,MCF 10A,10080-101-1,Torin2,0.37,uM,LJP5,72,hr,962,1347,10512,0.1284,0.1016
50583-7,MCF 10A,10080-101-1,Torin2,1.11,uM,LJP5,72,hr,962,1106,10512,0.1052,0.0403
50583-7,MCF 10A,10080-101-1,Torin2,3.33,uM,LJP5,72,hr,962,1380,10512,0.1319,0.0987
50583-7,MCF 10A,10080-101-1,Torin2,10,uM,LJP5,72,hr,962,1277,10512,0.1220,0.0767
50583-7,MCF 10A,10082-101-1,WZ-4-145,0.04,uM,LJP6,72,hr,962,10423,10692,0.9749,0.9854
50583-7,MCF 10A,10082-101-1,WZ-4-145,0.12,uM,LJP6,72,hr,962,9948,10692,0.9305,0.9589
50583-7,MCF 10A,10082-101-1,WZ-4-145,0.37,uM,LJP6,72,hr,962,9478,10692,0.8865,0.9319
50583-7,MCF 10A,10082-101-1,WZ-4-145,1.11,uM,LJP6,72,hr,962,7948,10692,0.7434,0.8363
50583-7,MCF 10A,10082-101-1,WZ-4-145,3.33,uM,LJP6,72,hr,962,5531,10692,0.5174,0.6544
50583-7,MCF 10A,10082-101-1,WZ-4-145,10,uM,LJP6,72,hr,962,1004,10692,0.0939,0.0118
50583-7,MCF 10A,10084-101-1,WZ3105,0.04,uM,LJP5,72,hr,962,4977,10512,0.4739,0.6098
50583-7,MCF 10A,10084-101-1,WZ3105,0.12,uM,LJP5,72,hr,962,1505,10512,0.1433,0.1385
50583-7,MCF 10A,10084-101-1,WZ3105,0.37,uM,LJP5,72,hr,962,522,10512,0.0498,-0.1629
50583-7,MCF 10A,10084-101-1,WZ3105,1.11,uM,LJP5,72,hr,962,254,10512,0.0242,-0.3207
50583-7,MCF 10A,10084-101-1,WZ3105,3.33,uM,LJP5,72,hr,962,211,10512,0.0201,-0.3563
50583-7,MCF 10A,10084-101-1,WZ3105,10,uM,LJP5,72,hr,962,185,10512,0.0176,-0.3840
50583-7,MCF 10A,10086-101-1,XMD11-50,0.04,uM,LJP6,72,hr,962,10001,10692,0.9354,0.9619
50583-7,MCF 10A,10086-101-1,XMD11-50,0.12,uM,LJP6,72,hr,962,9197,10692,0.8602,0.9152
50583-7,MCF 10A,10086-101-1,XMD11-50,0.37,uM,LJP6,72,hr,962,7667,10692,0.7170,0.8173
50583-7,MCF 10A,10086-101-1,XMD11-50,1.11,uM,LJP6,72,hr,962,5190,10692,0.4853,0.6235
50583-7,MCF 10A,10086-101-1,XMD11-50,3.33,uM,LJP6,72,hr,962,2653,10692,0.2481,0.3390
50583-7,MCF 10A,10086-101-1,XMD11-50,10,uM,LJP6,72,hr,962,1194,10692,0.1117,0.0641
50583-7,MCF 10A,10087-101-1,XMD11-85h,0.04,uM,LJP6,72,hr,962,10945,10692,1.0238,1.0134
50583-7,MCF 10A,10087-101-1,XMD11-85h,0.12,uM,LJP6,72,hr,962,10944,10692,1.0236,1.0135
50583-7,MCF 10A,10087-101-1,XMD11-85h,0.37,uM,LJP6,72,hr,962,10650,10692,0.9961,0.9977
50583-7,MCF 10A,10087-101-1,XMD11-85h,1.11,uM,LJP6,72,hr,962,10543,10692,0.9861,0.9919
50583-7,MCF 10A,10087-101-1,XMD11-85h,3.33,uM,LJP6,72,hr,962,10124,10692,0.9470,0.9689
50583-7,MCF 10A,10087-101-1,XMD11-85h,10,uM,LJP6,72,hr,962,6201,10692,0.5800,0.7096
50583-7,MCF 10A,10091-101-1,XMD16-144,0.04,uM,LJP5,72,hr,962,2697,10512,0.2566,0.3474
50583-7,MCF 10A,10091-101-1,XMD16-144,0.12,uM,LJP5,72,hr,962,1452,10512,0.1382,0.1267
50583-7,MCF 10A,10091-101-1,XMD16-144,0.37,uM,LJP5,72,hr,962,1603,10512,0.1526,0.1594
50583-7,MCF 10A,10091-101-1,XMD16-144,1.11,uM,LJP5,72,hr,962,1438,10512,0.1369,0.1236
50583-7,MCF 10A,10091-101-1,XMD16-144,3.33,uM,LJP5,72,hr,962,1265,10512,0.1204,0.0824
50583-7,MCF 10A,10091-101-1,XMD16-144,10,uM,LJP5,72,hr,962,979,10512,0.0932,0.0040
50583-7,MCF 10A,10097-101-1,Erlotinib,0.04,uM,LJP5,72,hr,962,9767,10512,0.9292,0.9579
50583-7,MCF 10A,10097-101-1,Erlotinib,0.12,uM,LJP5,72,hr,962,5630,10512,0.5359,0.6690
50583-7,MCF 10A,10097-101-1,Erlotinib,0.37,uM,LJP5,72,hr,962,2213,10512,0.2107,0.2731
50583-7,MCF 10A,10097-101-1,Erlotinib,1.11,uM,LJP5,72,hr,962,1460,10512,0.1390,0.1284
50583-7,MCF 10A,10097-101-1,Erlotinib,3.33,uM,LJP5,72,hr,962,1534,10512,0.1460,0.1446
50583-7,MCF 10A,10097-101-1,Erlotinib,10,uM,LJP5,72,hr,962,1501,10512,0.1429,0.1375
50583-7,MCF 10A,10098-101-1,Gefitinib,0.04,uM,LJP6,72,hr,962,9196,10692,0.8601,0.9151
50583-7,MCF 10A,10098-101-1,Gefitinib,0.12,uM,LJP6,72,hr,962,5221,10692,0.4883,0.6271
50583-7,MCF 10A,10098-101-1,Gefitinib,0.37,uM,LJP6,72,hr,962,2267,10692,0.2120,0.2795
50583-7,MCF 10A,10098-101-1,Gefitinib,1.11,uM,LJP6,72,hr,962,1470,10692,0.1375,0.1297
50583-7,MCF 10A,10098-101-1,Gefitinib,3.33,uM,LJP6,72,hr,962,1402,10692,0.1311,0.1143
50583-7,MCF 10A,10098-101-1,Gefitinib,10,uM,LJP6,72,hr,962,1262,10692,0.1181,0.0803
50583-7,MCF 10A,10099-101-1,Nilotinib,0.04,uM,LJP5,72,hr,962,9781,10512,0.9306,0.9587
50583-7,MCF 10A,10099-101-1,Nilotinib,0.12,uM,LJP5,72,hr,962,9650,10512,0.9180,0.9508
50583-7,MCF 10A,10099-101-1,Nilotinib,0.37,uM,LJP5,72,hr,962,9569,10512,0.9101,0.9460
50583-7,MCF 10A,10099-101-1,Nilotinib,1.11,uM,LJP5,72,hr,962,9491,10512,0.9029,0.9417
50583-7,MCF 10A,10099-101-1,Nilotinib,3.33,uM,LJP5,72,hr,962,9492,10512,0.9033,0.9418
50583-7,MCF 10A,10099-101-1,Nilotinib,10,uM,LJP5,72,hr,962,2718,10512,0.2590,0.3503
50583-7,MCF 10A,10100-101-1,JNK-9L,0.04,uM,LJP6,72,hr,962,10851,10692,1.0149,1.0085
50583-7,MCF 10A,10100-101-1,JNK-9L,0.12,uM,LJP6,72,hr,962,9821,10692,0.9186,0.9517
50583-7,MCF 10A,10100-101-1,JNK-9L,0.37,uM,LJP6,72,hr,962,5911,10692,0.5529,0.6861
50583-7,MCF 10A,10100-101-1,JNK-9L,1.11,uM,LJP6,72,hr,962,926,10692,0.0867,-0.0113
50583-7,MCF 10A,10100-101-1,JNK-9L,3.33,uM,LJP6,72,hr,962,460,10692,0.0431,-0.1928
50583-7,MCF 10A,10100-101-1,JNK-9L,10,uM,LJP6,72,hr,962,722,10692,0.0676,-0.0801
50583-7,MCF 10A,10101-101-1,PD0325901,0.04,uM,LJP5,72,hr,962,2600,10512,0.2473,0.3314
50583-7,MCF 10A,10101-101-1,PD0325901,0.04,uM,LJP6,72,hr,962,2212,10692,0.2070,0.2700
50583-7,MCF 10A,10101-101-1,PD0325901,0.12,uM,LJP5,72,hr,962,1928,10512,0.1833,0.2228
50583-7,MCF 10A,10101-101-1,PD0325901,0.12,uM,LJP6,72,hr,962,1884,10692,0.1762,0.2134
50583-7,MCF 10A,10101-101-1,PD0325901,0.37,uM,LJP5,72,hr,962,1826,10512,0.1738,0.2041
50583-7,MCF 10A,10101-101-1,PD0325901,0.37,uM,LJP6,72,hr,962,1707,10692,0.1597,0.1791
50583-7,MCF 10A,10101-101-1,PD0325901,1.11,uM,LJP5,72,hr,962,1810,10512,0.1721,0.2003
50583-7,MCF 10A,10101-101-1,PD0325901,1.11,uM,LJP6,72,hr,962,1369,10692,0.1281,0.1065
50583-7,MCF 10A,10101-101-1,PD0325901,3.33,uM,LJP5,72,hr,962,1867,10512,0.1779,0.2103
50583-7,MCF 10A,10101-101-1,PD0325901,3.33,uM,LJP6,72,hr,962,1133,10692,0.1060,0.0479
50583-7,MCF 10A,10101-101-1,PD0325901,10,uM,LJP5,72,hr,962,1600,10512,0.1524,0.1589
50583-7,MCF 10A,10101-101-1,PD0325901,10,uM,LJP6,72,hr,962,1137,10692,0.1063,0.0488
50583-7,MCF 10A,10108-101-1,Geldanamycin,0.04,uM,LJP5,72,hr,962,1729,10512,0.1645,0.1850
50583-7,MCF 10A,10108-101-1,Geldanamycin,0.04,uM,LJP6,72,hr,962,1229,10692,0.1150,0.0729
50583-7,MCF 10A,10108-101-1,Geldanamycin,0.12,uM,LJP5,72,hr,962,1004,10512,0.0956,0.0121
50583-7,MCF 10A,10108-101-1,Geldanamycin,0.12,uM,LJP6,72,hr,962,786,10692,0.0736,-0.0569
50583-7,MCF 10A,10108-101-1,Geldanamycin,0.37,uM,LJP5,72,hr,962,840,10512,0.0799,-0.0389
50583-7,MCF 10A,10108-101-1,Geldanamycin,0.37,uM,LJP6,72,hr,962,706,10692,0.0661,-0.0851
50583-7,MCF 10A,10108-101-1,Geldanamycin,1.11,uM,LJP5,72,hr,962,815,10512,0.0776,-0.0469
50583-7,MCF 10A,10108-101-1,Geldanamycin,1.11,uM,LJP6,72,hr,962,711,10692,0.0665,-0.0837
50583-7,MCF 10A,10108-101-1,Geldanamycin,3.33,uM,LJP5,72,hr,962,807,10512,0.0769,-0.0501
50583-7,MCF 10A,10108-101-1,Geldanamycin,3.33,uM,LJP6,72,hr,962,628,10692,0.0588,-0.1153
50583-7,MCF 10A,10108-101-1,Geldanamycin,10,uM,LJP5,72,hr,962,672,10512,0.0640,-0.0999
50583-7,MCF 10A,10108-101-1,Geldanamycin,10,uM,LJP6,72,hr,962,393,10692,0.0367,-0.2277
50583-7,MCF 10A,10109-101-1,YM 201636,0.04,uM,LJP5,72,hr,962,10661,10512,1.0143,1.0083
50583-7,MCF 10A,10109-101-1,YM 201636,0.12,uM,LJP5,72,hr,962,10442,10512,0.9934,0.9961
50583-7,MCF 10A,10109-101-1,YM 201636,0.37,uM,LJP5,72,hr,962,10078,10512,0.9586,0.9756
50583-7,MCF 10A,10109-101-1,YM 201636,1.11,uM,LJP5,72,hr,962,7826,10512,0.7445,0.8356
50583-7,MCF 10A,10109-101-1,YM 201636,3.33,uM,LJP5,72,hr,962,6073,10512,0.5779,0.7057
50583-7,MCF 10A,10109-101-1,YM 201636,10,uM,LJP5,72,hr,962,2670,10512,0.2540,0.3427
50583-7,MCF 10A,10111-101-1,TWS119,0.04,uM,LJP5,72,hr,962,10550,10512,1.0035,1.0020
50583-7,MCF 10A,10111-101-1,TWS119,0.12,uM,LJP5,72,hr,962,10401,10512,0.9894,0.9938
50583-7,MCF 10A,10111-101-1,TWS119,0.37,uM,LJP5,72,hr,962,10718,10512,1.0195,1.0111
50583-7,MCF 10A,10111-101-1,TWS119,1.11,uM,LJP5,72,hr,962,11066,10512,1.0527,1.0300
50583-7,MCF 10A,10111-101-1,TWS119,3.33,uM,LJP5,72,hr,962,9675,10512,0.9207,0.9526
50583-7,MCF 10A,10111-101-1,TWS119,10,uM,LJP5,72,hr,962,1247,10512,0.1188,0.0775
50583-7,MCF 10A,10112-101-1,PF477736,0.04,uM,LJP5,72,hr,962,9697,10512,0.9231,0.9539
50583-7,MCF 10A,10112-101-1,PF477736,0.12,uM,LJP5,72,hr,962,8621,10512,0.8204,0.8883
50583-7,MCF 10A,10112-101-1,PF477736,0.37,uM,LJP5,72,hr,962,7167,10512,0.6826,0.7897
50583-7,MCF 10A,10112-101-1,PF477736,1.11,uM,LJP5,72,hr,962,5086,10512,0.4842,0.6203
50583-7,MCF 10A,10112-101-1,PF477736,3.33,uM,LJP5,72,hr,962,1786,10512,0.1699,0.1961
50583-7,MCF 10A,10112-101-1,PF477736,10,uM,LJP5,72,hr,962,821,10512,0.0781,-0.0450
50583-7,MCF 10A,10115-102-1,LDN-193189,0.04,uM,LJP5,72,hr,962,10223,10512,0.9724,0.9838
50583-7,MCF 10A,10115-102-1,LDN-193189,0.12,uM,LJP5,72,hr,962,10166,10512,0.9669,0.9804
50583-7,MCF 10A,10115-102-1,LDN-193189,0.37,uM,LJP5,72,hr,962,9892,10512,0.9410,0.9649
50583-7,MCF 10A,10115-102-1,LDN-193189,1.11,uM,LJP5,72,hr,962,9905,10512,0.9424,0.9658
50583-7,MCF 10A,10115-102-1,LDN-193189,3.33,uM,LJP5,72,hr,962,2316,10512,0.2207,0.2876
50583-7,MCF 10A,10115-102-1,LDN-193189,10,uM,LJP5,72,hr,962,136,10512,0.0130,-0.4374
50583-7,MCF 10A,10116-101-1,PF431396,0.04,uM,LJP5,72,hr,962,6508,10512,0.6192,0.7405
50583-7,MCF 10A,10116-101-1,PF431396,0.12,uM,LJP5,72,hr,962,3745,10512,0.3563,0.4828
50583-7,MCF 10A,10116-101-1,PF431396,0.37,uM,LJP5,72,hr,962,1604,10512,0.1525,0.1593
50583-7,MCF 10A,10116-101-1,PF431396,1.11,uM,LJP5,72,hr,962,1275,10512,0.1214,0.0850
50583-7,MCF 10A,10116-101-1,PF431396,3.33,uM,LJP5,72,hr,962,1103,10512,0.1049,0.0402
50583-7,MCF 10A,10116-101-1,PF431396,10,uM,LJP5,72,hr,962,413,10512,0.0392,-0.2201
50583-7,MCF 10A,10117-101-1,Celastrol,0.04,uM,LJP6,72,hr,962,11411,10692,1.0673,1.0378
50583-7,MCF 10A,10117-101-1,Celastrol,0.12,uM,LJP6,72,hr,962,11071,10692,1.0355,1.0202
50583-7,MCF 10A,10117-101-1,Celastrol,0.37,uM,LJP6,72,hr,962,9824,10692,0.9189,0.9515
50583-7,MCF 10A,10117-101-1,Celastrol,1.11,uM,LJP6,72,hr,962,959,10692,0.0897,-0.0022
50583-7,MCF 10A,10117-101-1,Celastrol,3.33,uM,LJP6,72,hr,962,374,10692,0.0350,-0.2380
50583-7,MCF 10A,10117-101-1,Celastrol,10,uM,LJP6,72,hr,962,676,10692,0.0633,-0.0968
50583-7,MCF 10A,10119-101-1,SU11274,0.04,uM,LJP5,72,hr,962,10194,10512,0.9696,0.9821
50583-7,MCF 10A,10119-101-1,SU11274,0.12,uM,LJP5,72,hr,962,9686,10512,0.9212,0.9528
50583-7,MCF 10A,10119-101-1,SU11274,0.37,uM,LJP5,72,hr,962,9108,10512,0.8663,0.9185
50583-7,MCF 10A,10119-101-1,SU11274,1.11,uM,LJP5,72,hr,962,8235,10512,0.7833,0.8632
50583-7,MCF 10A,10119-101-1,SU11274,3.33,uM,LJP5,72,hr,962,6858,10512,0.6524,0.7671
50583-7,MCF 10A,10119-101-1,SU11274,10,uM,LJP5,72,hr,962,3529,10512,0.3357,0.4574
50583-7,MCF 10A,10120-102-1,Canertinib,0.04,uM,LJP6,72,hr,962,7868,10692,0.7360,0.8306
50583-7,MCF 10A,10120-102-1,Canertinib,0.12,uM,LJP6,72,hr,962,5619,10692,0.5257,0.6611
50583-7,MCF 10A,10120-102-1,Canertinib,0.37,uM,LJP6,72,hr,962,3517,10692,0.3289,0.4505
50583-7,MCF 10A,10120-102-1,Canertinib,1.11,uM,LJP6,72,hr,962,2192,10692,0.2051,0.2669
50583-7,MCF 10A,10120-102-1,Canertinib,3.33,uM,LJP6,72,hr,962,1509,10692,0.1412,0.1380
50583-7,MCF 10A,10120-102-1,Canertinib,10,uM,LJP6,72,hr,962,208,10692,0.0195,-0.3567
50583-7,MCF 10A,10122-101-1,NVP-AEW541,0.04,uM,LJP5,72,hr,962,10506,10512,0.9994,0.9996
50583-7,MCF 10A,10122-101-1,NVP-AEW541,0.12,uM,LJP5,72,hr,962,10266,10512,0.9765,0.9862
50583-7,MCF 10A,10122-101-1,NVP-AEW541,0.37,uM,LJP5,72,hr,962,10025,10512,0.9535,0.9725
50583-7,MCF 10A,10122-101-1,NVP-AEW541,1.11,uM,LJP5,72,hr,962,9218,10512,0.8768,0.9251
50583-7,MCF 10A,10122-101-1,NVP-AEW541,3.33,uM,LJP5,72,hr,962,8808,10512,0.8379,0.8998
50583-7,MCF 10A,10122-101-1,NVP-AEW541,10,uM,LJP5,72,hr,962,5417,10512,0.5153,0.6498
50583-7,MCF 10A,10125-101-1,PHA-665752,0.04,uM,LJP5,72,hr,962,10474,10512,0.9963,0.9978
50583-7,MCF 10A,10125-101-1,PHA-665752,0.12,uM,LJP5,72,hr,962,10179,10512,0.9682,0.9812
50583-7,MCF 10A,10125-101-1,PHA-665752,0.37,uM,LJP5,72,hr,962,10132,10512,0.9637,0.9786
50583-7,MCF 10A,10125-101-1,PHA-665752,1.11,uM,LJP5,72,hr,962,10157,10512,0.9660,0.9800
50583-7,MCF 10A,10125-101-1,PHA-665752,3.33,uM,LJP5,72,hr,962,9974,10512,0.9489,0.9697
50583-7,MCF 10A,10125-101-1,PHA-665752,10,uM,LJP5,72,hr,962,5979,10512,0.5694,0.6982
50583-7,MCF 10A,10126-101-1,PI103,0.04,uM,LJP6,72,hr,962,9989,10692,0.9343,0.9612
50583-7,MCF 10A,10126-101-1,PI103,0.12,uM,LJP6,72,hr,962,5674,10692,0.5307,0.6665
50583-7,MCF 10A,10126-101-1,PI103,0.37,uM,LJP6,72,hr,962,2433,10692,0.2276,0.3062
50583-7,MCF 10A,10126-101-1,PI103,1.11,uM,LJP6,72,hr,962,1511,10692,0.1414,0.1383
50583-7,MCF 10A,10126-101-1,PI103,3.33,uM,LJP6,72,hr,962,1349,10692,0.1262,0.1022
50583-7,MCF 10A,10126-101-1,PI103,10,uM,LJP6,72,hr,962,1120,10692,0.1048,0.0444
50583-7,MCF 10A,10127-101-1,Dovitinib,0.04,uM,LJP5,72,hr,962,10483,10512,0.9971,0.9980
50583-7,MCF 10A,10127-101-1,Dovitinib,0.12,uM,LJP5,72,hr,962,9426,10512,0.8969,0.9378
50583-7,MCF 10A,10127-101-1,Dovitinib,0.37,uM,LJP5,72,hr,962,3910,10512,0.3727,0.4995
50583-7,MCF 10A,10127-101-1,Dovitinib,1.11,uM,LJP5,72,hr,962,1676,10512,0.1595,0.1742
50583-7,MCF 10A,10127-101-1,Dovitinib,3.33,uM,LJP5,72,hr,962,1141,10512,0.1086,0.0507
50583-7,MCF 10A,10127-101-1,Dovitinib,10,uM,LJP5,72,hr,962,921,10512,0.0876,-0.0128
50583-7,MCF 10A,10128-101-1,GSK 690693,0.04,uM,LJP5,72,hr,962,10482,10512,0.9972,0.9984
50583-7,MCF 10A,10128-101-1,GSK 690693,0.12,uM,LJP5,72,hr,962,9800,10512,0.9325,0.9597
50583-7,MCF 10A,10128-101-1,GSK 690693,0.37,uM,LJP5,72,hr,962,8775,10512,0.8351,0.8980
50583-7,MCF 10A,10128-101-1,GSK 690693,1.11,uM,LJP5,72,hr,962,8343,10512,0.7935,0.8702
50583-7,MCF 10A,10128-101-1,GSK 690693,3.33,uM,LJP5,72,hr,962,8202,10512,0.7803,0.8612
50583-7,MCF 10A,10128-101-1,GSK 690693,10,uM,LJP5,72,hr,962,8706,10512,0.8283,0.8937
50583-7,MCF 10A,10132-101-1,SNS-032,0.04,uM,LJP6,72,hr,962,9838,10692,0.9202,0.9527
50583-7,MCF 10A,10132-101-1,SNS-032,0.12,uM,LJP6,72,hr,962,1209,10692,0.1131,0.0680
50583-7,MCF 10A,10132-101-1,SNS-032,0.37,uM,LJP6,72,hr,962,452,10692,0.0423,-0.1955
50583-7,MCF 10A,10132-101-1,SNS-032,1.11,uM,LJP6,72,hr,962,294,10692,0.0276,-0.2895
50583-7,MCF 10A,10132-101-1,SNS-032,3.33,uM,LJP6,72,hr,962,273,10692,0.0256,-0.3071
50583-7,MCF 10A,10132-101-1,SNS-032,10,uM,LJP6,72,hr,962,324,10692,0.0303,-0.2777
50583-7,MCF 10A,10133-101-1,Afatinib,0.04,uM,LJP6,72,hr,962,1713,10692,0.1603,0.1807
50583-7,MCF 10A,10133-101-1,Afatinib,0.12,uM,LJP6,72,hr,962,1521,10692,0.1423,0.1408
50583-7,MCF 10A,10133-101-1,Afatinib,0.37,uM,LJP6,72,hr,962,1405,10692,0.1314,0.1150
50583-7,MCF 10A,10133-101-1,Afatinib,1.11,uM,LJP6,72,hr,962,1383,10692,0.1293,0.1099
50583-7,MCF 10A,10133-101-1,Afatinib,3.33,uM,LJP6,72,hr,962,1483,10692,0.1388,0.1327
50583-7,MCF 10A,10133-101-1,Afatinib,10,uM,LJP6,72,hr,962,1227,10692,0.1148,0.0724
50583-7,MCF 10A,10134-101-1,GSK1904529A,0.04,uM,LJP6,72,hr,962,9104,10692,0.8515,0.9095
50583-7,MCF 10A,10134-101-1,GSK1904529A,0.12,uM,LJP6,72,hr,962,8802,10692,0.8232,0.8909
50583-7,MCF 10A,10134-101-1,GSK1904529A,0.37,uM,LJP6,72,hr,962,8562,10692,0.8008,0.8761
50583-7,MCF 10A,10134-101-1,GSK1904529A,1.11,uM,LJP6,72,hr,962,8010,10692,0.7492,0.8403
50583-7,MCF 10A,10134-101-1,GSK1904529A,3.33,uM,LJP6,72,hr,962,8142,10692,0.7615,0.8490
50583-7,MCF 10A,10134-101-1,GSK1904529A,10,uM,LJP6,72,hr,962,7685,10692,0.7188,0.8186
50583-7,MCF 10A,10135-101-1,Linsitinib,0.04,uM,LJP5,72,hr,962,10729,10512,1.0209,1.0120
50583-7,MCF 10A,10135-101-1,Linsitinib,0.12,uM,LJP5,72,hr,962,10395,10512,0.9892,0.9937
50583-7,MCF 10A,10135-101-1,Linsitinib,0.37,uM,LJP5,72,hr,962,9986,10512,0.9501,0.9705
50583-7,MCF 10A,10135-101-1,Linsitinib,1.11,uM,LJP5,72,hr,962,9492,10512,0.9033,0.9418
50583-7,MCF 10A,10135-101-1,Linsitinib,3.33,uM,LJP5,72,hr,962,9064,10512,0.8625,0.9159
50583-7,MCF 10A,10135-101-1,Linsitinib,10,uM,LJP5,72,hr,962,8613,10512,0.8197,0.8879
50583-7,MCF 10A,10138-105-1,Ruxolitinib,0.04,uM,LJP5,72,hr,962,10310,10512,0.9808,0.9888
50583-7,MCF 10A,10138-105-1,Ruxolitinib,0.12,uM,LJP5,72,hr,962,10299,10512,0.9798,0.9882
50583-7,MCF 10A,10138-105-1,Ruxolitinib,0.37,uM,LJP5,72,hr,962,10167,10512,0.9673,0.9808
50583-7,MCF 10A,10138-105-1,Ruxolitinib,1.11,uM,LJP5,72,hr,962,9887,10512,0.9407,0.9649
50583-7,MCF 10A,10138-105-1,Ruxolitinib,3.33,uM,LJP5,72,hr,962,9673,10512,0.9206,0.9524
50583-7,MCF 10A,10138-105-1,Ruxolitinib,10,uM,LJP5,72,hr,962,7375,10512,0.7018,0.8047
50583-7,MCF 10A,10140-101-1,Momelotinib,0.04,uM,LJP5,72,hr,962,10172,10512,0.9679,0.9811
50583-7,MCF 10A,10140-101-1,Momelotinib,0.12,uM,LJP5,72,hr,962,9634,10512,0.9168,0.9503
50583-7,MCF 10A,10140-101-1,Momelotinib,0.37,uM,LJP5,72,hr,962,8778,10512,0.8352,0.8983
50583-7,MCF 10A,10140-101-1,Momelotinib,1.11,uM,LJP5,72,hr,962,7297,10512,0.6944,0.7993
50583-7,MCF 10A,10140-101-1,Momelotinib,3.33,uM,LJP5,72,hr,962,4396,10512,0.4184,0.5535
50583-7,MCF 10A,10140-101-1,Momelotinib,10,uM,LJP5,72,hr,962,1247,10512,0.1187,0.0779
50583-7,MCF 10A,10141-101-1,Fedratinib,0.04,uM,LJP5,72,hr,962,9927,10512,0.9446,0.9671
50583-7,MCF 10A,10141-101-1,Fedratinib,0.12,uM,LJP5,72,hr,962,9510,10512,0.9048,0.9427
50583-7,MCF 10A,10141-101-1,Fedratinib,0.37,uM,LJP5,72,hr,962,8912,10512,0.8478,0.9062
50583-7,MCF 10A,10141-101-1,Fedratinib,1.11,uM,LJP5,72,hr,962,7838,10512,0.7457,0.8368
50583-7,MCF 10A,10141-101-1,Fedratinib,3.33,uM,LJP5,72,hr,962,4226,10512,0.4026,0.5352
50583-7,MCF 10A,10141-101-1,Fedratinib,10,uM,LJP5,72,hr,962,1123,10512,0.1069,0.0459
50583-7,MCF 10A,10142-101-1,Trametinib,0.04,uM,LJP5,72,hr,962,1790,10512,0.1702,0.1960
50583-7,MCF 10A,10142-101-1,Trametinib,0.12,uM,LJP5,72,hr,962,1803,10512,0.1716,0.1996
50583-7,MCF 10A,10142-101-1,Trametinib,0.37,uM,LJP5,72,hr,962,1899,10512,0.1809,0.2179
50583-7,MCF 10A,10142-101-1,Trametinib,1.11,uM,LJP5,72,hr,962,1832,10512,0.1746,0.2051
50583-7,MCF 10A,10142-101-1,Trametinib,3.33,uM,LJP5,72,hr,962,1925,10512,0.1834,0.2221
50583-7,MCF 10A,10142-101-1,Trametinib,10,uM,LJP5,72,hr,962,1979,10512,0.1884,0.2326
50583-7,MCF 10A,10146-101-1,Omipalisib,0.04,uM,LJP6,72,hr,962,1009,10692,0.0944,0.0134
50583-7,MCF 10A,10146-101-1,Omipalisib,0.12,uM,LJP6,72,hr,962,853,10692,0.0798,-0.0343
50583-7,MCF 10A,10146-101-1,Omipalisib,0.37,uM,LJP6,72,hr,962,899,10692,0.0841,-0.0201
50583-7,MCF 10A,10146-101-1,Omipalisib,1.11,uM,LJP6,72,hr,962,872,10692,0.0816,-0.0278
50583-7,MCF 10A,10146-101-1,Omipalisib,3.33,uM,LJP6,72,hr,962,752,10692,0.0703,-0.0687
50583-7,MCF 10A,10146-101-1,Omipalisib,10,uM,LJP6,72,hr,962,720,10692,0.0674,-0.0800
50583-7,MCF 10A,10147-101-1,Buparlisib,0.04,uM,LJP5,72,hr,962,10708,10512,1.0185,1.0105
50583-7,MCF 10A,10147-101-1,Buparlisib,0.12,uM,LJP5,72,hr,962,10235,10512,0.9736,0.9845
50583-7,MCF 10A,10147-101-1,Buparlisib,0.37,uM,LJP5,72,hr,962,9430,10512,0.8972,0.9381
50583-7,MCF 10A,10147-101-1,Buparlisib,1.11,uM,LJP5,72,hr,962,6073,10512,0.5777,0.7058
50583-7,MCF 10A,10147-101-1,Buparlisib,3.33,uM,LJP5,72,hr,962,1383,10512,0.1316,0.1109
50583-7,MCF 10A,10147-101-1,Buparlisib,10,uM,LJP5,72,hr,962,586,10512,0.0558,-0.1348
50583-7,MCF 10A,10148-101-1,XL147,0.04,uM,LJP5,72,hr,962,10737,10512,1.0214,1.0123
50583-7,MCF 10A,10148-101-1,XL147,0.12,uM,LJP5,72,hr,962,10032,10512,0.9544,0.9731
50583-7,MCF 10A,10148-101-1,XL147,0.37,uM,LJP5,72,hr,962,9449,10512,0.8988,0.9390
50583-7,MCF 10A,10148-101-1,XL147,1.11,uM,LJP5,72,hr,962,8797,10512,0.8369,0.8994
50583-7,MCF 10A,10148-101-1,XL147,3.33,uM,LJP5,72,hr,962,7621,10512,0.7248,0.8217
50583-7,MCF 10A,10148-101-1,XL147,10,uM,LJP5,72,hr,962,4368,10512,0.4155,0.5505
50583-7,MCF 10A,10149-102-1,Y39983,0.04,uM,LJP6,72,hr,962,10258,10692,0.9595,0.9763
50583-7,MCF 10A,10149-102-1,Y39983,0.12,uM,LJP6,72,hr,962,9910,10692,0.9268,0.9567
50583-7,MCF 10A,10149-102-1,Y39983,0.37,uM,LJP6,72,hr,962,9470,10692,0.8858,0.9313
50583-7,MCF 10A,10149-102-1,Y39983,1.11,uM,LJP6,72,hr,962,9214,10692,0.8619,0.9161
50583-7,MCF 10A,10149-102-1,Y39983,3.33,uM,LJP6,72,hr,962,8878,10692,0.8304,0.8956
50583-7,MCF 10A,10149-102-1,Y39983,10,uM,LJP6,72,hr,962,4273,10692,0.3999,0.5341
50583-7,MCF 10A,10151-101-1,Nintedanib,0.04,uM,LJP6,72,hr,962,10963,10692,1.0254,1.0145
50583-7,MCF 10A,10151-101-1,Nintedanib,0.12,uM,LJP6,72,hr,962,10709,10692,1.0016,1.0009
50583-7,MCF 10A,10151-101-1,Nintedanib,0.37,uM,LJP6,72,hr,962,10620,10692,0.9932,0.9960
50583-7,MCF 10A,10151-101-1,Nintedanib,1.11,uM,LJP6,72,hr,962,10613,10692,0.9927,0.9958
50583-7,MCF 10A,10151-101-1,Nintedanib,3.33,uM,LJP6,72,hr,962,10662,10692,0.9972,0.9983
50583-7,MCF 10A,10151-101-1,Nintedanib,10,uM,LJP6,72,hr,962,10394,10692,0.9722,0.9838
50583-7,MCF 10A,10157-101-1,Foretinib,0.04,uM,LJP5,72,hr,962,10370,10512,0.9865,0.9921
50583-7,MCF 10A,10157-101-1,Foretinib,0.12,uM,LJP5,72,hr,962,9846,10512,0.9363,0.9621
50583-7,MCF 10A,10157-101-1,Foretinib,0.37,uM,LJP5,72,hr,962,8386,10512,0.7977,0.8731
50583-7,MCF 10A,10157-101-1,Foretinib,1.11,uM,LJP5,72,hr,962,2756,10512,0.2619,0.3555
50583-7,MCF 10A,10157-101-1,Foretinib,3.33,uM,LJP5,72,hr,962,1490,10512,0.1417,0.1349
50583-7,MCF 10A,10157-101-1,Foretinib,10,uM,LJP5,72,hr,962,930,10512,0.0886,-0.0098
50583-7,MCF 10A,10158-101-1,AZD 5438,0.04,uM,LJP6,72,hr,962,9619,10692,0.8997,0.9401
50583-7,MCF 10A,10158-101-1,AZD 5438,0.12,uM,LJP6,72,hr,962,7001,10692,0.6548,0.7702
50583-7,MCF 10A,10158-101-1,AZD 5438,0.37,uM,LJP6,72,hr,962,2408,10692,0.2253,0.3018
50583-7,MCF 10A,10158-101-1,AZD 5438,1.11,uM,LJP6,72,hr,962,710,10692,0.0665,-0.0843
50583-7,MCF 10A,10158-101-1,AZD 5438,3.33,uM,LJP6,72,hr,962,260,10692,0.0244,-0.3138
50583-7,MCF 10A,10158-101-1,AZD 5438,10,uM,LJP6,72,hr,962,333,10692,0.0312,-0.2640
50583-7,MCF 10A,10159-101-1,Pelitinib,0.04,uM,LJP5,72,hr,962,3164,10512,0.3017,0.4102
50583-7,MCF 10A,10159-101-1,Pelitinib,0.12,uM,LJP5,72,hr,962,1400,10512,0.1332,0.1149
50583-7,MCF 10A,10159-101-1,Pelitinib,0.37,uM,LJP5,72,hr,962,1340,10512,0.1274,0.0997
50583-7,MCF 10A,10159-101-1,Pelitinib,1.11,uM,LJP5,72,hr,962,1405,10512,0.1337,0.1159
50583-7,MCF 10A,10159-101-1,Pelitinib,3.33,uM,LJP5,72,hr,962,1435,10512,0.1365,0.1225
50583-7,MCF 10A,10159-101-1,Pelitinib,10,uM,LJP5,72,hr,962,752,10512,0.0716,-0.0690
50583-7,MCF 10A,10161-101-1,Luminespib,0.04,uM,LJP5,72,hr,962,834,10512,0.0793,-0.0407
50583-7,MCF 10A,10161-101-1,Luminespib,0.12,uM,LJP5,72,hr,962,783,10512,0.0745,-0.0580
50583-7,MCF 10A,10161-101-1,Luminespib,0.37,uM,LJP5,72,hr,962,826,10512,0.0787,-0.0433
50583-7,MCF 10A,10161-101-1,Luminespib,1.11,uM,LJP5,72,hr,962,822,10512,0.0782,-0.0446
50583-7,MCF 10A,10161-101-1,Luminespib,3.33,uM,LJP5,72,hr,962,816,10512,0.0777,-0.0466
50583-7,MCF 10A,10161-101-1,Luminespib,10,uM,LJP5,72,hr,962,854,10512,0.0812,-0.0349
50583-7,MCF 10A,10164-101-1,AZD8330,0.04,uM,LJP5,72,hr,962,1546,10512,0.1471,0.1473
50583-7,MCF 10A,10164-101-1,AZD8330,0.12,uM,LJP5,72,hr,962,1687,10512,0.1606,0.1765
50583-7,MCF 10A,10164-101-1,AZD8330,0.37,uM,LJP5,72,hr,962,1613,10512,0.1535,0.1614
50583-7,MCF 10A,10164-101-1,AZD8330,1.11,uM,LJP5,72,hr,962,1630,10512,0.1551,0.1650
50583-7,MCF 10A,10164-101-1,AZD8330,3.33,uM,LJP5,72,hr,962,1724,10512,0.1641,0.1842
50583-7,MCF 10A,10164-101-1,AZD8330,10,uM,LJP5,72,hr,962,1760,10512,0.1675,0.1913
50583-7,MCF 10A,10171-101-1,TGX221,0.04,uM,LJP5,72,hr,962,10397,10512,0.9898,0.9937
50583-7,MCF 10A,10171-101-1,TGX221,0.12,uM,LJP5,72,hr,962,10564,10512,1.0050,1.0029
50583-7,MCF 10A,10171-101-1,TGX221,0.37,uM,LJP5,72,hr,962,10319,10512,0.9816,0.9892
50583-7,MCF 10A,10171-101-1,TGX221,1.11,uM,LJP5,72,hr,962,10338,10512,0.9832,0.9900
50583-7,MCF 10A,10171-101-1,TGX221,3.33,uM,LJP5,72,hr,962,10595,10512,1.0080,1.0044
50583-7,MCF 10A,10171-101-1,TGX221,10,uM,LJP5,72,hr,962,10603,10512,1.0085,1.0048
50583-7,MCF 10A,10172-101-1,GSK1059615,0.04,uM,LJP5,72,hr,962,10852,10512,1.0323,1.0185
50583-7,MCF 10A,10172-101-1,GSK1059615,0.04,uM,LJP6,72,hr,962,10758,10692,1.0062,1.0035
50583-7,MCF 10A,10172-101-1,GSK1059615,0.12,uM,LJP5,72,hr,962,10068,10512,0.9577,0.9750
50583-7,MCF 10A,10172-101-1,GSK1059615,0.12,uM,LJP6,72,hr,962,9601,10692,0.8980,0.9390
50583-7,MCF 10A,10172-101-1,GSK1059615,0.37,uM,LJP5,72,hr,962,5546,10512,0.5281,0.6616
50583-7,MCF 10A,10172-101-1,GSK1059615,0.37,uM,LJP6,72,hr,962,7429,10692,0.6949,0.8008
50583-7,MCF 10A,10172-101-1,GSK1059615,1.11,uM,LJP5,72,hr,962,1428,10512,0.1361,0.1209
50583-7,MCF 10A,10172-101-1,GSK1059615,1.11,uM,LJP6,72,hr,962,1760,10692,0.1647,0.1896
50583-7,MCF 10A,10172-101-1,GSK1059615,3.33,uM,LJP5,72,hr,962,806,10512,0.0768,-0.0511
50583-7,MCF 10A,10172-101-1,GSK1059615,3.33,uM,LJP6,72,hr,962,745,10692,0.0697,-0.0725
50583-7,MCF 10A,10172-101-1,GSK1059615,10,uM,LJP5,72,hr,962,480,10512,0.0457,-0.1828
50583-7,MCF 10A,10172-101-1,GSK1059615,10,uM,LJP6,72,hr,962,491,10692,0.0460,-0.1764
50583-7,MCF 10A,10177-101-1,Brivanib,0.04,uM,LJP5,72,hr,962,10548,10512,1.0036,1.0021
50583-7,MCF 10A,10177-101-1,Brivanib,0.12,uM,LJP5,72,hr,962,10506,10512,0.9998,0.9998
50583-7,MCF 10A,10177-101-1,Brivanib,0.37,uM,LJP5,72,hr,962,10111,10512,0.9622,0.9778
50583-7,MCF 10A,10177-101-1,Brivanib,1.11,uM,LJP5,72,hr,962,9258,10512,0.8810,0.9279
50583-7,MCF 10A,10177-101-1,Brivanib,3.33,uM,LJP5,72,hr,962,7242,10512,0.6892,0.7953
50583-7,MCF 10A,10177-101-1,Brivanib,10,uM,LJP5,72,hr,962,2440,10512,0.2323,0.3095
50583-7,MCF 10A,10180-101-1,CHIR-99021,0.04,uM,LJP6,72,hr,962,11451,10692,1.0711,1.0399
50583-7,MCF 10A,10180-101-1,CHIR-99021,0.12,uM,LJP6,72,hr,962,11249,10692,1.0522,1.0294
50583-7,MCF 10A,10180-101-1,CHIR-99021,0.37,uM,LJP6,72,hr,962,11501,10692,1.0758,1.0424
50583-7,MCF 10A,10180-101-1,CHIR-99021,1.11,uM,LJP6,72,hr,962,11066,10692,1.0351,1.0198
50583-7,MCF 10A,10180-101-1,CHIR-99021,3.33,uM,LJP6,72,hr,962,10194,10692,0.9534,0.9727
50583-7,MCF 10A,10180-101-1,CHIR-99021,10,uM,LJP6,72,hr,962,8827,10692,0.8254,0.8918
50583-7,MCF 10A,10182-101-1,Linifanib,0.04,uM,LJP6,72,hr,962,11413,10692,1.0675,1.0380
50583-7,MCF 10A,10182-101-1,Linifanib,0.12,uM,LJP6,72,hr,962,11286,10692,1.0556,1.0314
50583-7,MCF 10A,10182-101-1,Linifanib,0.37,uM,LJP6,72,hr,962,11407,10692,1.0669,1.0376
50583-7,MCF 10A,10182-101-1,Linifanib,1.11,uM,LJP6,72,hr,962,11416,10692,1.0678,1.0381
50583-7,MCF 10A,10182-101-1,Linifanib,3.33,uM,LJP6,72,hr,962,11160,10692,1.0438,1.0248
50583-7,MCF 10A,10182-101-1,Linifanib,10,uM,LJP6,72,hr,962,7918,10692,0.7407,0.8344
50583-7,MCF 10A,10190-101-1,PIK-93,0.04,uM,LJP5,72,hr,962,10362,10512,0.9857,0.9916
50583-7,MCF 10A,10190-101-1,PIK-93,0.12,uM,LJP5,72,hr,962,10035,10512,0.9544,0.9729
50583-7,MCF 10A,10190-101-1,PIK-93,0.37,uM,LJP5,72,hr,962,9823,10512,0.9347,0.9610
50583-7,MCF 10A,10190-101-1,PIK-93,1.11,uM,LJP5,72,hr,962,9343,10512,0.8888,0.9325
50583-7,MCF 10A,10190-101-1,PIK-93,3.33,uM,LJP5,72,hr,962,8566,10512,0.8148,0.8842
50583-7,MCF 10A,10190-101-1,PIK-93,10,uM,LJP5,72,hr,962,4397,10512,0.4183,0.5524
50583-7,MCF 10A,10232-101-1,Dactolisib,0.04,uM,LJP5,72,hr,962,1625,10512,0.1546,0.1640
50583-7,MCF 10A,10232-101-1,Dactolisib,0.12,uM,LJP5,72,hr,962,1537,10512,0.1461,0.1444
50583-7,MCF 10A,10232-101-1,Dactolisib,0.37,uM,LJP5,72,hr,962,1556,10512,0.1480,0.1492
50583-7,MCF 10A,10232-101-1,Dactolisib,1.11,uM,LJP5,72,hr,962,1409,10512,0.1341,0.1169
50583-7,MCF 10A,10232-101-1,Dactolisib,3.33,uM,LJP5,72,hr,962,1436,10512,0.1367,0.1225
50583-7,MCF 10A,10232-101-1,Dactolisib,10,uM,LJP5,72,hr,962,1653,10512,0.1573,0.1698
50583-7,MCF 10A,10233-101-1,Alpelisib,0.04,uM,LJP5,72,hr,962,10528,10512,1.0015,1.0007
50583-7,MCF 10A,10233-101-1,Alpelisib,0.12,uM,LJP5,72,hr,962,10278,10512,0.9779,0.9870
50583-7,MCF 10A,10233-101-1,Alpelisib,0.37,uM,LJP5,72,hr,962,9803,10512,0.9326,0.9600
50583-7,MCF 10A,10233-101-1,Alpelisib,1.11,uM,LJP5,72,hr,962,9137,10512,0.8695,0.9205
50583-7,MCF 10A,10233-101-1,Alpelisib,3.33,uM,LJP5,72,hr,962,8262,10512,0.7859,0.8649
50583-7,MCF 10A,10233-101-1,Alpelisib,10,uM,LJP5,72,hr,962,4539,10512,0.4318,0.5674
50583-7,MCF 10A,10234-101-1,GDC-0980,0.04,uM,LJP5,72,hr,962,8572,10512,0.8152,0.8848
50583-7,MCF 10A,10234-101-1,GDC-0980,0.12,uM,LJP5,72,hr,962,4274,10512,0.4065,0.5400
50583-7,MCF 10A,10234-101-1,GDC-0980,0.37,uM,LJP5,72,hr,962,1899,10512,0.1808,0.2180
50583-7,MCF 10A,10234-101-1,GDC-0980,1.11,uM,LJP5,72,hr,962,1397,10512,0.1329,0.1138
50583-7,MCF 10A,10234-101-1,GDC-0980,3.33,uM,LJP5,72,hr,962,1254,10512,0.1194,0.0799
50583-7,MCF 10A,10234-101-1,GDC-0980,10,uM,LJP5,72,hr,962,954,10512,0.0908,-0.0027
50583-7,MCF 10A,10479-102-1,Mitoxantrone,0.04,uM,LJP5,72,hr,962,2239,10512,0.2129,0.2768
50583-7,MCF 10A,10479-102-1,Mitoxantrone,0.04,uM,LJP6,72,hr,962,2046,10692,0.1915,0.2425
50583-7,MCF 10A,10479-102-1,Mitoxantrone,0.12,uM,LJP5,72,hr,962,1047,10512,0.0995,0.0240
50583-7,MCF 10A,10479-102-1,Mitoxantrone,0.12,uM,LJP6,72,hr,962,1024,10692,0.0958,0.0181
50583-7,MCF 10A,10479-102-1,Mitoxantrone,0.37,uM,LJP5,72,hr,962,976,10512,0.0929,0.0037
50583-7,MCF 10A,10479-102-1,Mitoxantrone,0.37,uM,LJP6,72,hr,962,972,10692,0.0910,0.0030
50583-7,MCF 10A,10479-102-1,Mitoxantrone,1.11,uM,LJP5,72,hr,962,884,10512,0.0841,-0.0245
50583-7,MCF 10A,10479-102-1,Mitoxantrone,1.11,uM,LJP6,72,hr,962,819,10692,0.0766,-0.0454
50583-7,MCF 10A,10479-102-1,Mitoxantrone,3.33,uM,LJP5,72,hr,962,380,10512,0.0361,-0.2392
50583-7,MCF 10A,10479-102-1,Mitoxantrone,3.33,uM,LJP6,72,hr,962,460,10692,0.0431,-0.1920
50583-7,MCF 10A,10479-102-1,Mitoxantrone,10,uM,LJP5,72,hr,962,509,10512,0.0484,-0.1687
50583-7,MCF 10A,10479-102-1,Mitoxantrone,10,uM,LJP6,72,hr,962,552,10692,0.0517,-0.1484
50583-7,MCF 10A,10480-101-1,Radicicol,0.04,uM,LJP5,72,hr,962,9600,10512,0.9131,0.9478
50583-7,MCF 10A,10480-101-1,Radicicol,0.04,uM,LJP6,72,hr,962,10049,10692,0.9398,0.9645
50583-7,MCF 10A,10480-101-1,Radicicol,0.12,uM,LJP5,72,hr,962,6589,10512,0.6265,0.7458
50583-7,MCF 10A,10480-101-1,Radicicol,0.12,uM,LJP6,72,hr,962,6550,10692,0.6126,0.7365
50583-7,MCF 10A,10480-101-1,Radicicol,0.37,uM,LJP5,72,hr,962,2901,10512,0.2763,0.3757
50583-7,MCF 10A,10480-101-1,Radicicol,0.37,uM,LJP6,72,hr,962,2892,10692,0.2705,0.3723
50583-7,MCF 10A,10480-101-1,Radicicol,1.11,uM,LJP5,72,hr,962,1367,10512,0.1300,0.1036
50583-7,MCF 10A,10480-101-1,Radicicol,1.11,uM,LJP6,72,hr,962,1324,10692,0.1239,0.0964
50583-7,MCF 10A,10480-101-1,Radicicol,3.33,uM,LJP5,72,hr,962,760,10512,0.0723,-0.0689
50583-7,MCF 10A,10480-101-1,Radicicol,3.33,uM,LJP6,72,hr,962,758,10692,0.0709,-0.0664
50583-7,MCF 10A,10480-101-1,Radicicol,10,uM,LJP5,72,hr,962,495,10512,0.0473,-0.1775
50583-7,MCF 10A,10480-101-1,Radicicol,10,uM,LJP6,72,hr,962,381,10692,0.0357,-0.2339
50583-7,MCF 10A,10481-101-1,Withaferin A,0.04,uM,LJP5,72,hr,962,10603,10512,1.0087,1.0050
50583-7,MCF 10A,10481-101-1,Withaferin A,0.04,uM,LJP6,72,hr,962,10553,10692,0.9870,0.9925
50583-7,MCF 10A,10481-101-1,Withaferin A,0.12,uM,LJP5,72,hr,962,11032,10512,1.0495,1.0282
50583-7,MCF 10A,10481-101-1,Withaferin A,0.12,uM,LJP6,72,hr,962,10051,10692,0.9402,0.9646
50583-7,MCF 10A,10481-101-1,Withaferin A,0.37,uM,LJP5,72,hr,962,8349,10512,0.7943,0.8709
50583-7,MCF 10A,10481-101-1,Withaferin A,0.37,uM,LJP6,72,hr,962,8178,10692,0.7648,0.8514
50583-7,MCF 10A,10481-101-1,Withaferin A,1.11,uM,LJP5,72,hr,962,751,10512,0.0716,-0.0708
50583-7,MCF 10A,10481-101-1,Withaferin A,1.11,uM,LJP6,72,hr,962,687,10692,0.0643,-0.0928
50583-7,MCF 10A,10481-101-1,Withaferin A,3.33,uM,LJP5,72,hr,962,685,10512,0.0652,-0.0944
50583-7,MCF 10A,10481-101-1,Withaferin A,3.33,uM,LJP6,72,hr,962,599,10692,0.0561,-0.1276
50583-7,MCF 10A,10481-101-1,Withaferin A,10,uM,LJP5,72,hr,962,594,10512,0.0566,-0.1316
50583-7,MCF 10A,10481-101-1,Withaferin A,10,uM,LJP6,72,hr,962,574,10692,0.0537,-0.1393
